PROBLEM NAME: 	ttd300_n100_L5_f100-TTP
KNAPSACK DATA TYPE: uncorrelated, similar weights
DIMENSION:	101
NUMBER OF ITEMS: 	500
CAPACITY OF KNAPSACK: 	227504
MIN SPEED: 	0.1
MAX SPEED: 	1
RENTING RATIO: 	50.00
EDGE_WEIGHT_TYPE:	CEIL_2D
DRONE ENDURANCE: 	366
NODE_COORD_SECTION	(INDEX, X, Y): 
1	182	211
2	34	135
3	132	135
4	118	257
5	17	103
6	252	23
7	74	68
8	211	13
9	288	207
10	215	268
11	253	262
12	255	282
13	6	79
14	127	139
15	293	173
16	95	68
17	30	295
18	228	15
19	12	160
20	148	61
21	101	132
22	139	89
23	137	267
24	134	217
25	9	277
26	45	12
27	170	70
28	216	193
29	140	116
30	115	7
31	31	171
32	81	81
33	129	223
34	108	246
35	219	148
36	189	231
37	91	131
38	221	127
39	163	263
40	109	178
41	2	149
42	99	140
43	264	271
44	44	33
45	31	66
46	74	50
47	196	97
48	231	161
49	200	27
50	214	291
51	182	53
52	251	217
53	207	34
54	88	160
55	69	213
56	67	199
57	199	66
58	49	18
59	94	197
60	190	193
61	120	140
62	63	166
63	57	295
64	192	56
65	112	253
66	149	13
67	290	161
68	75	23
69	246	72
70	39	156
71	299	79
72	174	199
73	267	70
74	75	198
75	8	29
76	24	9
77	30	9
78	227	187
79	4	16
80	170	100
81	236	160
82	133	93
83	97	93
84	248	19
85	11	135
86	19	23
87	252	204
88	11	280
89	257	20
90	128	107
91	32	102
92	32	219
93	116	273
94	100	133
95	68	177
96	8	271
97	82	267
98	189	290
99	71	32
100	242	255
101	143	68
ITEMS SECTION	(INDEX, PROFIT, WEIGHT, ASSIGNED NODE NUMBER): 
1	963	1003	2
2	473	1007	2
3	64	1005	2
4	249	1001	2
5	424	1004	2
6	567	1008	3
7	104	1001	3
8	506	1004	3
9	794	1001	3
10	305	1005	3
11	475	1002	4
12	758	1004	4
13	487	1009	4
14	113	1009	4
15	250	1003	4
16	786	1002	5
17	946	1005	5
18	140	1001	5
19	467	1000	5
20	915	1000	5
21	509	1003	6
22	213	1005	6
23	277	1002	6
24	506	1002	6
25	345	1004	6
26	573	1003	7
27	276	1000	7
28	218	1005	7
29	267	1004	7
30	286	1006	7
31	506	1008	8
32	798	1002	8
33	264	1004	8
34	839	1004	8
35	9	1008	8
36	261	1006	9
37	889	1008	9
38	86	1000	9
39	408	1005	9
40	184	1004	9
41	525	1004	10
42	606	1005	10
43	275	1007	10
44	864	1006	10
45	967	1009	10
46	80	1005	11
47	895	1000	11
48	517	1004	11
49	954	1001	11
50	213	1007	11
51	733	1005	12
52	84	1005	12
53	91	1005	12
54	792	1006	12
55	517	1001	12
56	236	1007	13
57	826	1000	13
58	927	1003	13
59	990	1009	13
60	38	1002	13
61	13	1008	14
62	509	1004	14
63	313	1007	14
64	740	1006	14
65	825	1009	14
66	164	1005	15
67	743	1009	15
68	824	1009	15
69	363	1007	15
70	458	1004	15
71	747	1006	16
72	401	1006	16
73	561	1003	16
74	806	1002	16
75	396	1006	16
76	903	1009	17
77	94	1005	17
78	881	1004	17
79	330	1000	17
80	522	1001	17
81	644	1006	18
82	663	1004	18
83	359	1008	18
84	378	1008	18
85	23	1001	18
86	697	1003	19
87	6	1008	19
88	785	1008	19
89	293	1007	19
90	151	1000	19
91	836	1006	20
92	961	1007	20
93	797	1005	20
94	87	1007	20
95	306	1009	20
96	647	1009	21
97	432	1008	21
98	824	1005	21
99	672	1008	21
100	578	1005	21
101	725	1009	22
102	409	1007	22
103	685	1008	22
104	451	1005	22
105	655	1007	22
106	992	1001	23
107	251	1007	23
108	759	1008	23
109	324	1006	23
110	981	1002	23
111	148	1005	24
112	732	1006	24
113	203	1001	24
114	204	1002	24
115	409	1003	24
116	410	1009	25
117	534	1006	25
118	178	1004	25
119	944	1007	25
120	553	1005	25
121	610	1004	26
122	235	1001	26
123	834	1007	26
124	284	1005	26
125	932	1008	26
126	787	1009	27
127	673	1006	27
128	764	1002	27
129	896	1002	27
130	824	1006	27
131	34	1007	28
132	926	1008	28
133	686	1009	28
134	530	1007	28
135	995	1009	28
136	903	1000	29
137	296	1000	29
138	907	1007	29
139	763	1008	29
140	637	1008	29
141	74	1005	30
142	346	1001	30
143	75	1000	30
144	957	1002	30
145	73	1008	30
146	767	1000	31
147	764	1008	31
148	218	1000	31
149	382	1009	31
150	331	1001	31
151	709	1008	32
152	328	1006	32
153	795	1000	32
154	215	1007	32
155	363	1002	32
156	72	1009	33
157	963	1000	33
158	628	1003	33
159	491	1008	33
160	928	1008	33
161	282	1002	34
162	59	1000	34
163	949	1001	34
164	320	1005	34
165	151	1008	34
166	976	1009	35
167	47	1002	35
168	339	1001	35
169	933	1001	35
170	856	1005	35
171	58	1000	36
172	723	1004	36
173	15	1002	36
174	305	1003	36
175	478	1002	36
176	92	1000	37
177	701	1005	37
178	451	1004	37
179	890	1005	37
180	218	1007	37
181	740	1002	38
182	205	1001	38
183	851	1000	38
184	380	1000	38
185	938	1008	38
186	651	1001	39
187	795	1004	39
188	690	1008	39
189	820	1000	39
190	88	1000	39
191	709	1000	40
192	650	1004	40
193	418	1003	40
194	917	1004	40
195	5	1008	40
196	605	1002	41
197	737	1004	41
198	552	1008	41
199	539	1001	41
200	622	1008	41
201	114	1007	42
202	908	1003	42
203	164	1005	42
204	238	1004	42
205	719	1000	42
206	994	1005	43
207	808	1005	43
208	900	1004	43
209	832	1006	43
210	146	1008	43
211	220	1007	44
212	896	1007	44
213	486	1008	44
214	517	1001	44
215	241	1007	44
216	228	1009	45
217	682	1000	45
218	712	1002	45
219	297	1009	45
220	780	1004	45
221	906	1000	46
222	299	1002	46
223	889	1003	46
224	239	1008	46
225	409	1001	46
226	123	1001	47
227	970	1005	47
228	249	1006	47
229	670	1007	47
230	851	1009	47
231	914	1006	48
232	264	1006	48
233	714	1005	48
234	937	1005	48
235	424	1001	48
236	335	1005	49
237	581	1004	49
238	226	1000	49
239	876	1008	49
240	794	1003	49
241	507	1008	50
242	656	1006	50
243	584	1001	50
244	691	1000	50
245	941	1008	50
246	420	1003	51
247	513	1003	51
248	999	1008	51
249	113	1001	51
250	989	1003	51
251	585	1008	52
252	658	1008	52
253	930	1008	52
254	840	1008	52
255	924	1000	52
256	967	1005	53
257	737	1008	53
258	74	1006	53
259	214	1009	53
260	327	1003	53
261	290	1004	54
262	554	1000	54
263	133	1006	54
264	805	1006	54
265	620	1002	54
266	469	1003	55
267	871	1007	55
268	707	1001	55
269	52	1004	55
270	872	1002	55
271	930	1004	56
272	289	1001	56
273	327	1006	56
274	65	1001	56
275	515	1002	56
276	222	1009	57
277	1	1001	57
278	458	1000	57
279	963	1007	57
280	228	1008	57
281	799	1004	58
282	403	1009	58
283	753	1003	58
284	309	1008	58
285	367	1008	58
286	160	1004	59
287	130	1002	59
288	729	1006	59
289	605	1004	59
290	165	1003	59
291	818	1001	60
292	226	1000	60
293	752	1002	60
294	306	1002	60
295	379	1009	60
296	608	1009	61
297	772	1003	61
298	216	1008	61
299	441	1004	61
300	906	1004	61
301	123	1003	62
302	187	1001	62
303	682	1005	62
304	165	1003	62
305	488	1001	62
306	97	1005	63
307	122	1009	63
308	77	1008	63
309	611	1004	63
310	378	1007	63
311	680	1007	64
312	248	1007	64
313	475	1006	64
314	99	1007	64
315	449	1009	64
316	688	1009	65
317	74	1008	65
318	823	1009	65
319	679	1005	65
320	671	1004	65
321	588	1003	66
322	807	1008	66
323	502	1007	66
324	82	1000	66
325	127	1004	66
326	304	1000	67
327	904	1005	67
328	559	1003	67
329	164	1005	67
330	780	1000	67
331	239	1008	68
332	389	1007	68
333	446	1001	68
334	642	1003	68
335	393	1003	68
336	246	1007	69
337	718	1006	69
338	915	1005	69
339	386	1001	69
340	487	1008	69
341	425	1007	70
342	365	1009	70
343	500	1002	70
344	517	1006	70
345	879	1009	70
346	340	1001	71
347	430	1002	71
348	418	1003	71
349	198	1003	71
350	456	1000	71
351	634	1001	72
352	744	1006	72
353	424	1000	72
354	202	1006	72
355	800	1007	72
356	285	1000	73
357	635	1000	73
358	944	1004	73
359	374	1002	73
360	660	1008	73
361	596	1000	74
362	998	1004	74
363	635	1008	74
364	112	1000	74
365	934	1001	74
366	482	1005	75
367	742	1004	75
368	555	1001	75
369	655	1007	75
370	718	1008	75
371	568	1006	76
372	417	1004	76
373	164	1000	76
374	376	1001	76
375	119	1008	76
376	130	1005	77
377	636	1006	77
378	974	1007	77
379	621	1002	77
380	106	1005	77
381	179	1003	78
382	624	1005	78
383	356	1004	78
384	600	1009	78
385	121	1008	78
386	494	1009	79
387	757	1007	79
388	333	1003	79
389	766	1005	79
390	962	1008	79
391	622	1006	80
392	95	1000	80
393	606	1005	80
394	32	1000	80
395	171	1008	80
396	861	1005	81
397	738	1004	81
398	42	1007	81
399	45	1004	81
400	380	1006	81
401	798	1000	82
402	17	1008	82
403	165	1006	82
404	912	1009	82
405	229	1006	82
406	842	1006	83
407	740	1007	83
408	559	1004	83
409	671	1000	83
410	245	1002	83
411	26	1003	84
412	178	1004	84
413	526	1007	84
414	312	1003	84
415	1	1001	84
416	930	1001	85
417	714	1007	85
418	285	1004	85
419	984	1007	85
420	764	1001	85
421	165	1007	86
422	375	1006	86
423	75	1003	86
424	305	1006	86
425	755	1001	86
426	66	1001	87
427	408	1007	87
428	577	1000	87
429	437	1001	87
430	322	1002	87
431	150	1009	88
432	942	1001	88
433	234	1003	88
434	657	1000	88
435	694	1000	88
436	343	1005	89
437	18	1009	89
438	297	1008	89
439	972	1005	89
440	59	1001	89
441	904	1000	90
442	408	1003	90
443	546	1006	90
444	998	1006	90
445	468	1004	90
446	159	1008	91
447	507	1002	91
448	906	1004	91
449	337	1008	91
450	774	1001	91
451	205	1009	92
452	468	1004	92
453	13	1000	92
454	391	1001	92
455	514	1007	92
456	396	1002	93
457	203	1002	93
458	405	1008	93
459	798	1001	93
460	134	1004	93
461	364	1006	94
462	700	1001	94
463	215	1009	94
464	850	1003	94
465	807	1002	94
466	477	1004	95
467	766	1009	95
468	224	1009	95
469	245	1005	95
470	34	1003	95
471	177	1008	96
472	472	1002	96
473	316	1009	96
474	853	1004	96
475	88	1004	96
476	490	1005	97
477	172	1003	97
478	161	1007	97
479	477	1007	97
480	692	1009	97
481	276	1001	98
482	971	1009	98
483	620	1003	98
484	287	1002	98
485	510	1008	98
486	80	1006	99
487	711	1001	99
488	821	1004	99
489	128	1005	99
490	255	1006	99
491	183	1008	100
492	96	1002	100
493	495	1001	100
494	910	1006	100
495	394	1003	100
496	571	1008	101
497	313	1009	101
498	259	1004	101
499	730	1002	101
500	270	1004	101
