PROBLEM NAME: 	ttd300_n100_L4_f075-TTP
KNAPSACK DATA TYPE: uncorrelated, similar weights
DIMENSION:	101
NUMBER OF ITEMS: 	500
CAPACITY OF KNAPSACK: 	227504
MIN SPEED: 	0.1
MAX SPEED: 	1
RENTING RATIO: 	50.00
EDGE_WEIGHT_TYPE:	CEIL_2D
DRONE ENDURANCE: 	278
NODE_COORD_SECTION	(INDEX, X, Y): 
1	17	171
2	0	152
3	289	90
4	111	58
5	271	152
6	288	217
7	200	265
8	82	255
9	137	202
10	145	48
11	209	160
12	260	190
13	81	210
14	202	179
15	194	69
16	278	12
17	286	22
18	141	290
19	67	255
20	174	290
21	41	103
22	238	223
23	133	211
24	76	280
25	182	292
26	100	1
27	0	202
28	32	110
29	68	179
30	169	202
31	195	230
32	68	125
33	143	224
34	240	109
35	197	48
36	67	36
37	298	233
38	88	192
39	294	138
40	92	223
41	222	66
42	2	164
43	38	294
44	248	69
45	261	268
46	124	149
47	31	235
48	285	93
49	229	127
50	267	199
51	74	233
52	239	36
53	297	150
54	74	18
55	48	137
56	231	222
57	27	35
58	220	252
59	251	253
60	130	187
61	300	109
62	131	166
63	191	227
64	8	233
65	106	168
66	163	3
67	137	213
68	221	54
69	263	91
70	72	158
71	10	202
72	122	19
73	51	27
74	45	217
75	115	16
76	283	66
77	255	274
78	70	25
79	27	106
80	159	149
81	217	283
82	71	118
83	213	192
84	183	122
85	10	195
86	290	66
87	243	34
88	59	179
89	234	289
90	238	87
91	186	202
92	238	33
93	37	81
94	0	158
95	126	212
96	73	129
97	64	175
98	260	286
99	10	160
100	234	262
101	211	266
ITEMS SECTION	(INDEX, PROFIT, WEIGHT, ASSIGNED NODE NUMBER): 
1	544	1000	2
2	365	1001	2
3	605	1008	2
4	967	1001	2
5	846	1008	2
6	6	1004	3
7	22	1002	3
8	273	1006	3
9	303	1001	3
10	202	1000	3
11	508	1005	4
12	17	1002	4
13	865	1001	4
14	861	1007	4
15	804	1007	4
16	590	1006	5
17	558	1007	5
18	499	1006	5
19	682	1003	5
20	219	1008	5
21	852	1003	6
22	992	1002	6
23	91	1006	6
24	801	1000	6
25	773	1006	6
26	829	1005	7
27	270	1008	7
28	671	1005	7
29	459	1006	7
30	790	1002	7
31	865	1006	8
32	861	1000	8
33	756	1005	8
34	300	1004	8
35	138	1006	8
36	258	1008	9
37	864	1005	9
38	392	1009	9
39	360	1005	9
40	196	1004	9
41	234	1002	10
42	605	1009	10
43	455	1006	10
44	833	1006	10
45	981	1005	10
46	651	1009	11
47	182	1003	11
48	673	1001	11
49	164	1001	11
50	9	1001	11
51	739	1002	12
52	658	1003	12
53	299	1008	12
54	97	1006	12
55	644	1001	12
56	48	1005	13
57	532	1005	13
58	272	1004	13
59	980	1005	13
60	84	1001	13
61	740	1002	14
62	642	1009	14
63	869	1002	14
64	993	1000	14
65	331	1007	14
66	732	1008	15
67	248	1004	15
68	631	1001	15
69	402	1007	15
70	25	1006	15
71	961	1002	16
72	477	1000	16
73	527	1003	16
74	605	1008	16
75	209	1003	16
76	753	1002	17
77	357	1009	17
78	218	1006	17
79	14	1001	17
80	236	1005	17
81	587	1006	18
82	31	1007	18
83	228	1004	18
84	288	1002	18
85	877	1006	18
86	694	1003	19
87	696	1003	19
88	1000	1004	19
89	973	1005	19
90	24	1000	19
91	65	1006	20
92	42	1001	20
93	575	1007	20
94	193	1006	20
95	823	1009	20
96	212	1001	21
97	647	1005	21
98	738	1000	21
99	722	1009	21
100	396	1006	21
101	457	1005	22
102	452	1002	22
103	868	1002	22
104	135	1004	22
105	877	1004	22
106	595	1001	23
107	152	1008	23
108	808	1008	23
109	243	1002	23
110	407	1008	23
111	145	1001	24
112	330	1000	24
113	217	1003	24
114	287	1007	24
115	888	1005	24
116	723	1007	25
117	914	1008	25
118	252	1000	25
119	290	1003	25
120	404	1002	25
121	958	1009	26
122	284	1005	26
123	863	1001	26
124	228	1001	26
125	743	1003	26
126	958	1008	27
127	938	1004	27
128	447	1001	27
129	959	1001	27
130	196	1004	27
131	507	1006	28
132	564	1008	28
133	116	1003	28
134	278	1001	28
135	701	1002	28
136	105	1002	29
137	733	1007	29
138	603	1007	29
139	133	1004	29
140	543	1007	29
141	776	1003	30
142	661	1002	30
143	690	1004	30
144	545	1004	30
145	877	1001	30
146	951	1006	31
147	98	1000	31
148	699	1005	31
149	262	1007	31
150	987	1004	31
151	725	1001	32
152	253	1004	32
153	397	1003	32
154	970	1003	32
155	878	1006	32
156	385	1000	33
157	798	1000	33
158	947	1003	33
159	862	1005	33
160	671	1008	33
161	653	1005	34
162	698	1005	34
163	856	1003	34
164	872	1000	34
165	486	1001	34
166	226	1006	35
167	945	1001	35
168	345	1001	35
169	759	1002	35
170	650	1003	35
171	430	1001	36
172	244	1001	36
173	460	1005	36
174	462	1000	36
175	603	1008	36
176	512	1003	37
177	927	1000	37
178	754	1002	37
179	968	1004	37
180	134	1005	37
181	333	1008	38
182	475	1008	38
183	77	1008	38
184	930	1006	38
185	38	1005	38
186	197	1009	39
187	61	1001	39
188	969	1008	39
189	990	1002	39
190	179	1003	39
191	950	1002	40
192	203	1008	40
193	859	1000	40
194	934	1006	40
195	891	1003	40
196	642	1007	41
197	851	1004	41
198	429	1008	41
199	367	1004	41
200	967	1008	41
201	836	1007	42
202	60	1006	42
203	358	1007	42
204	915	1003	42
205	180	1001	42
206	326	1003	43
207	156	1004	43
208	390	1006	43
209	554	1006	43
210	1000	1003	43
211	754	1007	44
212	121	1003	44
213	947	1006	44
214	937	1003	44
215	808	1004	44
216	394	1007	45
217	738	1007	45
218	147	1000	45
219	981	1002	45
220	633	1003	45
221	887	1004	46
222	453	1004	46
223	430	1009	46
224	629	1000	46
225	38	1007	46
226	826	1002	47
227	30	1009	47
228	690	1001	47
229	425	1005	47
230	434	1009	47
231	515	1006	48
232	221	1005	48
233	509	1006	48
234	180	1007	48
235	285	1005	48
236	40	1000	49
237	169	1002	49
238	540	1007	49
239	164	1001	49
240	142	1004	49
241	876	1003	50
242	730	1002	50
243	59	1006	50
244	203	1000	50
245	778	1005	50
246	410	1008	51
247	591	1006	51
248	370	1008	51
249	269	1003	51
250	531	1009	51
251	62	1000	52
252	458	1004	52
253	374	1005	52
254	496	1002	52
255	62	1001	52
256	102	1003	53
257	54	1006	53
258	271	1001	53
259	334	1005	53
260	985	1009	53
261	178	1004	54
262	452	1002	54
263	198	1004	54
264	628	1003	54
265	527	1000	54
266	590	1002	55
267	251	1004	55
268	456	1004	55
269	679	1003	55
270	342	1001	55
271	482	1004	56
272	775	1003	56
273	852	1003	56
274	373	1002	56
275	309	1007	56
276	438	1009	57
277	704	1002	57
278	798	1003	57
279	239	1007	57
280	37	1009	57
281	218	1005	58
282	738	1004	58
283	251	1004	58
284	236	1008	58
285	564	1001	58
286	334	1004	59
287	195	1001	59
288	767	1008	59
289	895	1008	59
290	279	1003	59
291	633	1000	60
292	760	1006	60
293	466	1003	60
294	897	1003	60
295	884	1008	60
296	918	1000	61
297	374	1007	61
298	197	1008	61
299	863	1007	61
300	463	1005	61
301	809	1002	62
302	306	1005	62
303	175	1006	62
304	27	1007	62
305	177	1002	62
306	983	1002	63
307	914	1001	63
308	434	1000	63
309	548	1005	63
310	423	1004	63
311	560	1003	64
312	128	1009	64
313	676	1009	64
314	670	1004	64
315	973	1007	64
316	996	1009	65
317	128	1004	65
318	443	1004	65
319	202	1006	65
320	468	1007	65
321	364	1003	66
322	172	1008	66
323	618	1007	66
324	999	1009	66
325	965	1009	66
326	985	1000	67
327	168	1005	67
328	194	1003	67
329	779	1004	67
330	916	1001	67
331	92	1007	68
332	210	1001	68
333	58	1005	68
334	10	1001	68
335	565	1007	68
336	326	1003	69
337	300	1000	69
338	222	1007	69
339	426	1000	69
340	814	1006	69
341	361	1008	70
342	737	1007	70
343	338	1009	70
344	694	1004	70
345	217	1009	70
346	753	1001	71
347	721	1007	71
348	23	1007	71
349	76	1000	71
350	532	1004	71
351	600	1004	72
352	852	1002	72
353	22	1006	72
354	961	1007	72
355	498	1005	72
356	405	1004	73
357	823	1004	73
358	727	1005	73
359	735	1008	73
360	762	1007	73
361	353	1009	74
362	593	1002	74
363	281	1005	74
364	833	1006	74
365	916	1007	74
366	404	1003	75
367	742	1006	75
368	70	1000	75
369	477	1000	75
370	947	1003	75
371	154	1008	76
372	586	1003	76
373	169	1001	76
374	369	1006	76
375	932	1008	76
376	424	1002	77
377	191	1006	77
378	16	1007	77
379	54	1000	77
380	547	1000	77
381	986	1009	78
382	834	1007	78
383	494	1007	78
384	455	1000	78
385	468	1009	78
386	365	1009	79
387	650	1006	79
388	62	1006	79
389	504	1007	79
390	76	1000	79
391	1	1009	80
392	873	1004	80
393	594	1002	80
394	867	1001	80
395	685	1009	80
396	418	1005	81
397	283	1000	81
398	320	1007	81
399	552	1007	81
400	688	1002	81
401	968	1002	82
402	375	1006	82
403	901	1003	82
404	441	1007	82
405	455	1004	82
406	649	1002	83
407	632	1004	83
408	981	1003	83
409	766	1007	83
410	769	1004	83
411	895	1009	84
412	419	1005	84
413	3	1008	84
414	864	1006	84
415	83	1007	84
416	20	1006	85
417	440	1006	85
418	805	1007	85
419	98	1003	85
420	333	1000	85
421	267	1004	86
422	633	1003	86
423	828	1004	86
424	729	1003	86
425	284	1009	86
426	986	1001	87
427	841	1000	87
428	405	1001	87
429	345	1001	87
430	178	1008	87
431	244	1004	88
432	593	1001	88
433	967	1000	88
434	879	1006	88
435	697	1002	88
436	18	1002	89
437	370	1004	89
438	604	1005	89
439	369	1002	89
440	942	1007	89
441	642	1008	90
442	167	1008	90
443	714	1007	90
444	280	1008	90
445	225	1001	90
446	239	1005	91
447	899	1008	91
448	170	1005	91
449	644	1006	91
450	313	1006	91
451	467	1005	92
452	712	1004	92
453	936	1008	92
454	255	1008	92
455	139	1001	92
456	96	1004	93
457	619	1001	93
458	424	1004	93
459	898	1001	93
460	437	1000	93
461	799	1008	94
462	684	1004	94
463	831	1002	94
464	905	1005	94
465	399	1004	94
466	792	1004	95
467	790	1004	95
468	240	1009	95
469	95	1000	95
470	112	1002	95
471	579	1000	96
472	27	1009	96
473	105	1001	96
474	888	1004	96
475	295	1001	96
476	217	1008	97
477	562	1005	97
478	928	1002	97
479	630	1000	97
480	992	1005	97
481	284	1007	98
482	434	1009	98
483	72	1003	98
484	284	1009	98
485	316	1007	98
486	214	1004	99
487	965	1009	99
488	66	1008	99
489	89	1007	99
490	485	1005	99
491	325	1000	100
492	523	1002	100
493	178	1003	100
494	840	1004	100
495	179	1003	100
496	999	1003	101
497	571	1007	101
498	61	1003	101
499	725	1009	101
500	480	1001	101
