PROBLEM NAME: 	ttd300_n75_L5_f100-TTP
KNAPSACK DATA TYPE: uncorrelated, similar weights
DIMENSION:	76
NUMBER OF ITEMS: 	375
CAPACITY OF KNAPSACK: 	170628
MIN SPEED: 	0.1
MAX SPEED: 	1
RENTING RATIO: 	50.00
EDGE_WEIGHT_TYPE:	CEIL_2D
DRONE ENDURANCE: 	398
NODE_COORD_SECTION	(INDEX, X, Y): 
1	209	45
2	39	11
3	285	71
4	159	255
5	213	179
6	197	237
7	197	56
8	193	296
9	181	281
10	52	93
11	137	122
12	153	72
13	68	204
14	286	41
15	255	26
16	297	30
17	17	22
18	17	262
19	228	284
20	107	113
21	80	32
22	5	299
23	27	221
24	44	216
25	277	150
26	198	11
27	279	212
28	236	202
29	235	84
30	177	132
31	109	5
32	38	19
33	44	237
34	228	5
35	60	131
36	11	37
37	69	84
38	61	91
39	8	143
40	77	33
41	32	21
42	42	250
43	103	121
44	54	65
45	154	166
46	236	251
47	168	41
48	150	185
49	182	216
50	203	280
51	57	149
52	269	155
53	175	210
54	255	185
55	147	105
56	129	277
57	148	136
58	53	2
59	177	262
60	94	255
61	109	202
62	237	89
63	143	202
64	2	20
65	21	86
66	217	93
67	135	117
68	278	156
69	113	109
70	50	126
71	131	223
72	130	205
73	89	253
74	124	189
75	193	221
76	238	154
ITEMS SECTION	(INDEX, PROFIT, WEIGHT, ASSIGNED NODE NUMBER): 
1	707	1005	2
2	239	1009	2
3	679	1000	2
4	385	1000	2
5	551	1003	2
6	393	1009	3
7	3	1001	3
8	912	1005	3
9	483	1004	3
10	599	1003	3
11	850	1003	4
12	381	1001	4
13	468	1007	4
14	396	1008	4
15	809	1000	4
16	940	1006	5
17	156	1007	5
18	723	1001	5
19	222	1006	5
20	499	1000	5
21	702	1005	6
22	2	1008	6
23	303	1007	6
24	297	1003	6
25	11	1001	6
26	892	1003	7
27	107	1006	7
28	269	1007	7
29	120	1002	7
30	590	1008	7
31	430	1008	8
32	742	1005	8
33	350	1002	8
34	85	1004	8
35	120	1001	8
36	791	1008	9
37	673	1002	9
38	176	1002	9
39	339	1006	9
40	499	1008	9
41	940	1008	10
42	109	1005	10
43	594	1006	10
44	429	1002	10
45	844	1009	10
46	167	1001	11
47	926	1002	11
48	442	1003	11
49	857	1003	11
50	344	1006	11
51	125	1008	12
52	710	1008	12
53	517	1000	12
54	388	1000	12
55	306	1001	12
56	479	1001	13
57	785	1000	13
58	548	1003	13
59	420	1008	13
60	345	1001	13
61	771	1000	14
62	996	1001	14
63	71	1002	14
64	219	1009	14
65	885	1008	14
66	142	1002	15
67	846	1002	15
68	881	1006	15
69	89	1005	15
70	837	1009	15
71	742	1002	16
72	927	1002	16
73	828	1003	16
74	186	1006	16
75	547	1004	16
76	557	1004	17
77	345	1006	17
78	5	1000	17
79	732	1005	17
80	108	1000	17
81	297	1000	18
82	483	1003	18
83	99	1004	18
84	831	1000	18
85	73	1001	18
86	267	1008	19
87	595	1001	19
88	677	1008	19
89	761	1002	19
90	357	1001	19
91	528	1000	20
92	980	1009	20
93	889	1009	20
94	638	1008	20
95	664	1006	20
96	210	1000	21
97	285	1004	21
98	548	1004	21
99	271	1007	21
100	939	1000	21
101	472	1005	22
102	300	1001	22
103	391	1007	22
104	879	1003	22
105	658	1002	22
106	978	1004	23
107	716	1002	23
108	685	1003	23
109	604	1009	23
110	773	1004	23
111	934	1002	24
112	252	1001	24
113	362	1009	24
114	421	1005	24
115	979	1008	24
116	447	1001	25
117	668	1007	25
118	338	1001	25
119	605	1001	25
120	946	1001	25
121	907	1006	26
122	171	1005	26
123	819	1006	26
124	171	1007	26
125	339	1009	26
126	326	1000	27
127	481	1001	27
128	597	1005	27
129	215	1005	27
130	409	1002	27
131	582	1004	28
132	175	1007	28
133	88	1007	28
134	359	1003	28
135	350	1001	28
136	749	1001	29
137	807	1007	29
138	143	1002	29
139	163	1002	29
140	23	1005	29
141	450	1001	30
142	438	1003	30
143	561	1001	30
144	74	1007	30
145	427	1005	30
146	897	1002	31
147	914	1007	31
148	584	1009	31
149	593	1003	31
150	796	1004	31
151	466	1000	32
152	405	1009	32
153	497	1004	32
154	912	1002	32
155	778	1008	32
156	924	1009	33
157	152	1001	33
158	829	1003	33
159	799	1001	33
160	150	1004	33
161	290	1008	34
162	893	1004	34
163	505	1007	34
164	856	1003	34
165	191	1000	34
166	163	1006	35
167	583	1002	35
168	76	1007	35
169	452	1009	35
170	301	1007	35
171	491	1002	36
172	438	1005	36
173	382	1002	36
174	821	1004	36
175	90	1003	36
176	849	1003	37
177	183	1008	37
178	69	1001	37
179	853	1006	37
180	244	1009	37
181	560	1003	38
182	761	1004	38
183	546	1008	38
184	394	1008	38
185	250	1008	38
186	478	1003	39
187	632	1000	39
188	948	1005	39
189	110	1003	39
190	389	1002	39
191	866	1007	40
192	593	1008	40
193	754	1002	40
194	203	1003	40
195	676	1000	40
196	39	1005	41
197	611	1000	41
198	45	1008	41
199	543	1007	41
200	767	1006	41
201	669	1008	42
202	639	1003	42
203	937	1004	42
204	178	1005	42
205	43	1003	42
206	386	1000	43
207	230	1008	43
208	920	1001	43
209	730	1009	43
210	571	1008	43
211	410	1002	44
212	561	1002	44
213	572	1005	44
214	582	1000	44
215	553	1001	44
216	841	1002	45
217	579	1008	45
218	377	1006	45
219	333	1005	45
220	391	1004	45
221	99	1002	46
222	42	1005	46
223	283	1001	46
224	927	1003	46
225	797	1009	46
226	518	1009	47
227	635	1007	47
228	142	1002	47
229	224	1003	47
230	801	1001	47
231	848	1001	48
232	942	1006	48
233	660	1006	48
234	549	1009	48
235	379	1009	48
236	28	1005	49
237	200	1005	49
238	514	1003	49
239	382	1009	49
240	501	1004	49
241	619	1009	50
242	567	1004	50
243	85	1008	50
244	873	1005	50
245	975	1002	50
246	579	1003	51
247	297	1006	51
248	517	1000	51
249	724	1007	51
250	26	1004	51
251	133	1000	52
252	475	1006	52
253	960	1007	52
254	418	1009	52
255	541	1008	52
256	949	1004	53
257	30	1007	53
258	323	1008	53
259	559	1000	53
260	661	1005	53
261	858	1004	54
262	145	1001	54
263	183	1007	54
264	970	1004	54
265	716	1006	54
266	52	1005	55
267	757	1008	55
268	227	1009	55
269	398	1004	55
270	440	1006	55
271	31	1000	56
272	281	1004	56
273	498	1001	56
274	230	1008	56
275	807	1000	56
276	172	1005	57
277	693	1009	57
278	911	1000	57
279	244	1005	57
280	800	1002	57
281	418	1009	58
282	388	1008	58
283	959	1003	58
284	55	1006	58
285	491	1007	58
286	902	1009	59
287	983	1005	59
288	108	1003	59
289	135	1008	59
290	377	1004	59
291	389	1000	60
292	591	1003	60
293	789	1000	60
294	780	1007	60
295	747	1003	60
296	390	1009	61
297	107	1001	61
298	282	1009	61
299	742	1001	61
300	134	1000	61
301	331	1008	62
302	941	1006	62
303	237	1006	62
304	788	1003	62
305	541	1000	62
306	717	1006	63
307	740	1001	63
308	962	1001	63
309	797	1006	63
310	806	1001	63
311	811	1006	64
312	289	1007	64
313	396	1009	64
314	805	1003	64
315	226	1002	64
316	845	1004	65
317	730	1006	65
318	186	1001	65
319	276	1000	65
320	983	1002	65
321	492	1003	66
322	662	1007	66
323	203	1003	66
324	868	1003	66
325	562	1003	66
326	521	1007	67
327	68	1008	67
328	781	1006	67
329	49	1005	67
330	664	1008	67
331	607	1008	68
332	282	1007	68
333	572	1005	68
334	716	1009	68
335	372	1007	68
336	992	1006	69
337	450	1000	69
338	210	1007	69
339	141	1005	69
340	431	1005	69
341	342	1000	70
342	123	1001	70
343	830	1003	70
344	503	1008	70
345	465	1005	70
346	42	1002	71
347	375	1001	71
348	447	1002	71
349	556	1001	71
350	898	1000	71
351	364	1002	72
352	514	1005	72
353	457	1002	72
354	255	1005	72
355	969	1009	72
356	313	1007	73
357	164	1000	73
358	298	1000	73
359	443	1008	73
360	969	1007	73
361	45	1002	74
362	432	1005	74
363	246	1003	74
364	126	1005	74
365	340	1001	74
366	520	1002	75
367	733	1006	75
368	394	1003	75
369	650	1009	75
370	544	1004	75
371	763	1001	76
372	994	1003	76
373	816	1009	76
374	539	1002	76
375	734	1009	76
