PROBLEM NAME: 	bench_15_1-TTP
KNAPSACK DATA TYPE: uncorrelated, similar weights
DIMENSION:	16
NUMBER OF ITEMS: 	75
CAPACITY OF KNAPSACK: 	34126
MIN SPEED: 	0.1
MAX SPEED: 	1
RENTING RATIO: 	72.70
EDGE_WEIGHT_TYPE:	CEIL_2D
NODE_COORD_SECTION	(INDEX, X, Y): 
1	288	149
2	270	133
3	188	145
4	80	157
5	40	169
6	48	99
7	8	97
8	48	51
9	156	137
10	180	29
11	180	37
12	252	21
13	276	69
14	280	109
15	260	85
16	236	93
ITEMS SECTION	(INDEX, PROFIT, WEIGHT, ASSIGNED NODE NUMBER): 
1	896	1006	2
2	875	1004	2
3	434	1001	2
4	203	1006	2
5	64	1009	2
6	123	1000	3
7	766	1009	3
8	227	1001	3
9	940	1004	3
10	411	1006	3
11	240	1004	4
12	986	1002	4
13	41	1009	4
14	544	1003	4
15	808	1001	4
16	337	1003	5
17	886	1004	5
18	633	1002	5
19	822	1006	5
20	857	1008	5
21	940	1002	6
22	453	1007	6
23	94	1009	6
24	812	1004	6
25	531	1008	6
26	754	1005	7
27	597	1007	7
28	73	1007	7
29	794	1001	7
30	157	1002	7
31	267	1006	8
32	550	1007	8
33	978	1002	8
34	955	1008	8
35	560	1009	8
36	658	1006	9
37	131	1009	9
38	643	1004	9
39	113	1006	9
40	382	1005	9
41	37	1004	10
42	355	1007	10
43	81	1000	10
44	731	1004	10
45	376	1002	10
46	763	1003	11
47	153	1001	11
48	753	1004	11
49	350	1009	11
50	909	1004	11
51	983	1004	12
52	78	1006	12
53	673	1006	12
54	125	1005	12
55	781	1005	12
56	958	1006	13
57	534	1002	13
58	1000	1003	13
59	502	1008	13
60	456	1009	13
61	965	1000	14
62	431	1003	14
63	201	1007	14
64	430	1004	14
65	557	1004	14
66	1	1005	15
67	944	1000	15
68	987	1006	15
69	745	1009	15
70	443	1008	15
71	164	1003	16
72	645	1008	16
73	501	1004	16
74	958	1004	16
75	168	1003	16

PROBLEM NAME: 	bench_15_2-TTP
KNAPSACK DATA TYPE: uncorrelated, similar weights
DIMENSION:	16
NUMBER OF ITEMS: 	75
CAPACITY OF KNAPSACK: 	34126
MIN SPEED: 	0.1
MAX SPEED: 	1
RENTING RATIO: 	72.70
EDGE_WEIGHT_TYPE:	CEIL_2D
NODE_COORD_SECTION	(INDEX, X, Y): 
1	288	149
2	148	145
3	104	153
4	40	129
5	40	153
6	32	65
7	40	63
8	56	57
9	140	137
10	104	73
11	132	21
12	162	9
13	196	49
14	236	21
15	212	117
16	280	133
ITEMS SECTION	(INDEX, PROFIT, WEIGHT, ASSIGNED NODE NUMBER): 
1	645	1008	2
2	418	1000	2
3	166	1000	2
4	634	1003	2
5	198	1008	2
6	101	1008	3
7	532	1008	3
8	41	1009	3
9	325	1000	3
10	346	1009	3
11	242	1000	4
12	471	1009	4
13	858	1005	4
14	249	1008	4
15	295	1008	4
16	775	1001	5
17	153	1007	5
18	369	1008	5
19	979	1009	5
20	637	1005	5
21	829	1007	6
22	912	1001	6
23	683	1000	6
24	702	1008	6
25	773	1008	6
26	173	1002	7
27	646	1007	7
28	911	1004	7
29	306	1007	7
30	851	1001	7
31	249	1003	8
32	457	1006	8
33	288	1005	8
34	560	1002	8
35	657	1000	8
36	648	1000	9
37	152	1009	9
38	415	1000	9
39	820	1002	9
40	181	1003	9
41	512	1007	10
42	25	1003	10
43	94	1004	10
44	438	1007	10
45	136	1007	10
46	55	1001	11
47	17	1004	11
48	855	1006	11
49	811	1002	11
50	566	1004	11
51	554	1008	12
52	672	1004	12
53	101	1009	12
54	364	1006	12
55	552	1008	12
56	681	1001	13
57	786	1004	13
58	298	1001	13
59	687	1008	13
60	544	1008	13
61	636	1002	14
62	208	1005	14
63	971	1006	14
64	455	1001	14
65	814	1001	14
66	41	1001	15
67	478	1002	15
68	695	1003	15
69	29	1007	15
70	698	1006	15
71	240	1000	16
72	573	1008	16
73	45	1008	16
74	678	1008	16
75	721	1000	16

PROBLEM NAME: 	bench_15_3-TTP
KNAPSACK DATA TYPE: uncorrelated, similar weights
DIMENSION:	16
NUMBER OF ITEMS: 	75
CAPACITY OF KNAPSACK: 	34126
MIN SPEED: 	0.1
MAX SPEED: 	1
RENTING RATIO: 	72.70
EDGE_WEIGHT_TYPE:	CEIL_2D
NODE_COORD_SECTION	(INDEX, X, Y): 
1	288	149
2	228	169
3	64	157
4	16	109
5	24	45
6	56	9
7	104	113
8	104	129
9	172	125
10	148	9
11	212	65
12	288	109
13	276	101
14	276	93
15	252	125
16	280	133
ITEMS SECTION	(INDEX, PROFIT, WEIGHT, ASSIGNED NODE NUMBER): 
1	122	1009	2
2	648	1002	2
3	530	1003	2
4	302	1008	2
5	426	1005	2
6	248	1005	3
7	888	1001	3
8	380	1001	3
9	990	1008	3
10	743	1007	3
11	861	1009	4
12	598	1001	4
13	835	1001	4
14	850	1005	4
15	26	1001	4
16	155	1009	5
17	89	1000	5
18	869	1000	5
19	879	1005	5
20	114	1007	5
21	862	1009	6
22	495	1007	6
23	666	1004	6
24	861	1004	6
25	300	1006	6
26	544	1003	7
27	314	1005	7
28	723	1008	7
29	302	1003	7
30	113	1003	7
31	830	1004	8
32	119	1002	8
33	819	1000	8
34	928	1006	8
35	496	1004	8
36	806	1008	9
37	574	1004	9
38	220	1008	9
39	779	1000	9
40	790	1009	9
41	680	1007	10
42	244	1009	10
43	665	1002	10
44	527	1001	10
45	53	1009	10
46	514	1006	11
47	975	1003	11
48	244	1001	11
49	398	1002	11
50	351	1006	11
51	341	1006	12
52	681	1000	12
53	618	1006	12
54	485	1006	12
55	134	1006	12
56	859	1008	13
57	71	1002	13
58	553	1006	13
59	540	1006	13
60	597	1008	13
61	456	1000	14
62	211	1005	14
63	959	1008	14
64	902	1003	14
65	585	1005	14
66	450	1000	15
67	388	1000	15
68	739	1003	15
69	731	1001	15
70	486	1009	15
71	240	1000	16
72	573	1008	16
73	45	1008	16
74	678	1008	16
75	721	1000	16

PROBLEM NAME: 	bench_15_4-TTP
KNAPSACK DATA TYPE: uncorrelated, similar weights
DIMENSION:	16
NUMBER OF ITEMS: 	75
CAPACITY OF KNAPSACK: 	34126
MIN SPEED: 	0.1
MAX SPEED: 	1
RENTING RATIO: 	72.70
EDGE_WEIGHT_TYPE:	CEIL_2D
NODE_COORD_SECTION	(INDEX, X, Y): 
1	288	149
2	204	169
3	104	169
4	64	165
5	40	153
6	32	145
7	32	49
8	56	81
9	104	121
10	148	85
11	104	89
12	204	57
13	228	69
14	268	97
15	180	109
16	236	145
ITEMS SECTION	(INDEX, PROFIT, WEIGHT, ASSIGNED NODE NUMBER): 
1	589	1004	2
2	32	1000	2
3	823	1002	2
4	160	1004	2
5	883	1005	2
6	751	1008	3
7	897	1003	3
8	137	1008	3
9	756	1005	3
10	376	1000	3
11	768	1000	4
12	759	1005	4
13	222	1005	4
14	311	1005	4
15	279	1000	4
16	775	1001	5
17	153	1007	5
18	369	1008	5
19	979	1009	5
20	637	1005	5
21	226	1006	6
22	642	1000	6
23	652	1007	6
24	434	1009	6
25	473	1001	6
26	723	1009	7
27	917	1000	7
28	570	1009	7
29	888	1007	7
30	697	1003	7
31	56	1008	8
32	988	1006	8
33	326	1001	8
34	120	1007	8
35	12	1008	8
36	684	1005	9
37	163	1007	9
38	693	1004	9
39	688	1003	9
40	975	1003	9
41	444	1007	10
42	843	1007	10
43	281	1004	10
44	492	1003	10
45	94	1001	10
46	507	1008	11
47	893	1001	11
48	621	1004	11
49	74	1008	11
50	63	1000	11
51	814	1007	12
52	654	1007	12
53	211	1009	12
54	446	1005	12
55	165	1000	12
56	41	1007	13
57	585	1003	13
58	918	1000	13
59	935	1004	13
60	550	1004	13
61	135	1002	14
62	895	1007	14
63	206	1006	14
64	755	1002	14
65	194	1008	14
66	732	1009	15
67	815	1002	15
68	455	1008	15
69	325	1002	15
70	784	1008	15
71	260	1000	16
72	495	1002	16
73	425	1006	16
74	143	1008	16
75	882	1007	16

PROBLEM NAME: 	bench_15_5-TTP
KNAPSACK DATA TYPE: uncorrelated, similar weights
DIMENSION:	16
NUMBER OF ITEMS: 	75
CAPACITY OF KNAPSACK: 	34126
MIN SPEED: 	0.1
MAX SPEED: 	1
RENTING RATIO: 	72.70
EDGE_WEIGHT_TYPE:	CEIL_2D
NODE_COORD_SECTION	(INDEX, X, Y): 
1	288	149
2	188	145
3	124	169
4	32	145
5	40	113
6	32	57
7	132	145
8	132	137
9	156	137
10	124	29
11	162	9
12	180	29
13	284	93
14	288	109
15	212	145
16	280	133
ITEMS SECTION	(INDEX, PROFIT, WEIGHT, ASSIGNED NODE NUMBER): 
1	123	1000	2
2	766	1009	2
3	227	1001	2
4	940	1004	2
5	411	1006	2
6	475	1006	3
7	343	1007	3
8	970	1009	3
9	807	1000	3
10	366	1004	3
11	226	1006	4
12	642	1000	4
13	652	1007	4
14	434	1009	4
15	473	1001	4
16	959	1005	5
17	372	1004	5
18	310	1007	5
19	773	1006	5
20	6	1002	5
21	667	1004	6
22	806	1009	6
23	290	1006	6
24	744	1006	6
25	356	1001	6
26	445	1005	7
27	741	1002	7
28	867	1009	7
29	552	1009	7
30	183	1001	7
31	619	1009	8
32	541	1007	8
33	793	1007	8
34	272	1004	8
35	414	1005	8
36	658	1006	9
37	131	1009	9
38	643	1004	9
39	113	1006	9
40	382	1005	9
41	961	1004	10
42	80	1008	10
43	120	1003	10
44	568	1009	10
45	804	1009	10
46	554	1008	11
47	672	1004	11
48	101	1009	11
49	364	1006	11
50	552	1008	11
51	37	1004	12
52	355	1007	12
53	81	1000	12
54	731	1004	12
55	376	1002	12
56	719	1008	13
57	856	1002	13
58	672	1001	13
59	339	1003	13
60	285	1007	13
61	341	1006	14
62	681	1000	14
63	618	1006	14
64	485	1006	14
65	134	1006	14
66	654	1009	15
67	373	1001	15
68	979	1005	15
69	182	1000	15
70	65	1006	15
71	240	1000	16
72	573	1008	16
73	45	1008	16
74	678	1008	16
75	721	1000	16
