PROBLEM NAME: 	bench_10_1-TTP
KNAPSACK DATA TYPE: uncorrelated, similar weights
DIMENSION:	11
NUMBER OF ITEMS: 	50
CAPACITY OF KNAPSACK: 	22750
MIN SPEED: 	0.1
MAX SPEED: 	1
RENTING RATIO: 	72.70
EDGE_WEIGHT_TYPE:	CEIL_2D
NODE_COORD_SECTION	(INDEX, X, Y): 
1	288	149
2	80	157
3	40	169
4	48	99
5	8	97
6	48	51
7	156	137
8	180	29
9	276	69
10	280	109
11	236	93
ITEMS SECTION	(INDEX, PROFIT, WEIGHT, ASSIGNED NODE NUMBER): 
1	240	1004	2
2	986	1002	2
3	41	1009	2
4	544	1003	2
5	808	1001	2
6	337	1003	3
7	886	1004	3
8	633	1002	3
9	822	1006	3
10	857	1008	3
11	940	1002	4
12	453	1007	4
13	94	1009	4
14	812	1004	4
15	531	1008	4
16	754	1005	5
17	597	1007	5
18	73	1007	5
19	794	1001	5
20	157	1002	5
21	267	1006	6
22	550	1007	6
23	978	1002	6
24	955	1008	6
25	560	1009	6
26	658	1006	7
27	131	1009	7
28	643	1004	7
29	113	1006	7
30	382	1005	7
31	37	1004	8
32	355	1007	8
33	81	1000	8
34	731	1004	8
35	376	1002	8
36	958	1006	9
37	534	1002	9
38	1000	1003	9
39	502	1008	9
40	456	1009	9
41	965	1000	10
42	431	1003	10
43	201	1007	10
44	430	1004	10
45	557	1004	10
46	164	1003	11
47	645	1008	11
48	501	1004	11
49	958	1004	11
50	168	1003	11

PROBLEM NAME: 	bench_10_2-TTP
KNAPSACK DATA TYPE: uncorrelated, similar weights
DIMENSION:	11
NUMBER OF ITEMS: 	50
CAPACITY OF KNAPSACK: 	22750
MIN SPEED: 	0.1
MAX SPEED: 	1
RENTING RATIO: 	72.70
EDGE_WEIGHT_TYPE:	CEIL_2D
NODE_COORD_SECTION	(INDEX, X, Y): 
1	288	149
2	148	145
3	104	153
4	40	129
5	40	153
6	32	65
7	40	63
8	56	57
9	140	137
10	104	73
11	132	21
ITEMS SECTION	(INDEX, PROFIT, WEIGHT, ASSIGNED NODE NUMBER): 
1	645	1008	2
2	418	1000	2
3	166	1000	2
4	634	1003	2
5	198	1008	2
6	101	1008	3
7	532	1008	3
8	41	1009	3
9	325	1000	3
10	346	1009	3
11	242	1000	4
12	471	1009	4
13	858	1005	4
14	249	1008	4
15	295	1008	4
16	775	1001	5
17	153	1007	5
18	369	1008	5
19	979	1009	5
20	637	1005	5
21	829	1007	6
22	912	1001	6
23	683	1000	6
24	702	1008	6
25	773	1008	6
26	173	1002	7
27	646	1007	7
28	911	1004	7
29	306	1007	7
30	851	1001	7
31	249	1003	8
32	457	1006	8
33	288	1005	8
34	560	1002	8
35	657	1000	8
36	648	1000	9
37	152	1009	9
38	415	1000	9
39	820	1002	9
40	181	1003	9
41	512	1007	10
42	25	1003	10
43	94	1004	10
44	438	1007	10
45	136	1007	10
46	55	1001	11
47	17	1004	11
48	855	1006	11
49	811	1002	11
50	566	1004	11

PROBLEM NAME: 	bench_10_3-TTP
KNAPSACK DATA TYPE: uncorrelated, similar weights
DIMENSION:	11
NUMBER OF ITEMS: 	50
CAPACITY OF KNAPSACK: 	22750
MIN SPEED: 	0.1
MAX SPEED: 	1
RENTING RATIO: 	72.70
EDGE_WEIGHT_TYPE:	CEIL_2D
NODE_COORD_SECTION	(INDEX, X, Y): 
1	288	149
2	228	169
3	64	157
4	16	109
5	104	113
6	104	129
7	172	125
8	148	9
9	288	109
10	276	101
11	280	133
ITEMS SECTION	(INDEX, PROFIT, WEIGHT, ASSIGNED NODE NUMBER): 
1	122	1009	2
2	648	1002	2
3	530	1003	2
4	302	1008	2
5	426	1005	2
6	248	1005	3
7	888	1001	3
8	380	1001	3
9	990	1008	3
10	743	1007	3
11	861	1009	4
12	598	1001	4
13	835	1001	4
14	850	1005	4
15	26	1001	4
16	544	1003	5
17	314	1005	5
18	723	1008	5
19	302	1003	5
20	113	1003	5
21	830	1004	6
22	119	1002	6
23	819	1000	6
24	928	1006	6
25	496	1004	6
26	806	1008	7
27	574	1004	7
28	220	1008	7
29	779	1000	7
30	790	1009	7
31	680	1007	8
32	244	1009	8
33	665	1002	8
34	527	1001	8
35	53	1009	8
36	341	1006	9
37	681	1000	9
38	618	1006	9
39	485	1006	9
40	134	1006	9
41	859	1008	10
42	71	1002	10
43	553	1006	10
44	540	1006	10
45	597	1008	10
46	240	1000	11
47	573	1008	11
48	45	1008	11
49	678	1008	11
50	721	1000	11

PROBLEM NAME: 	bench_10_4-TTP
KNAPSACK DATA TYPE: uncorrelated, similar weights
DIMENSION:	11
NUMBER OF ITEMS: 	50
CAPACITY OF KNAPSACK: 	22750
MIN SPEED: 	0.1
MAX SPEED: 	1
RENTING RATIO: 	72.70
EDGE_WEIGHT_TYPE:	CEIL_2D
NODE_COORD_SECTION	(INDEX, X, Y): 
1	288	149
2	204	169
3	64	165
4	40	153
5	32	145
6	32	49
7	104	121
8	104	89
9	204	57
10	228	69
11	268	97
ITEMS SECTION	(INDEX, PROFIT, WEIGHT, ASSIGNED NODE NUMBER): 
1	589	1004	2
2	32	1000	2
3	823	1002	2
4	160	1004	2
5	883	1005	2
6	768	1000	3
7	759	1005	3
8	222	1005	3
9	311	1005	3
10	279	1000	3
11	775	1001	4
12	153	1007	4
13	369	1008	4
14	979	1009	4
15	637	1005	4
16	226	1006	5
17	642	1000	5
18	652	1007	5
19	434	1009	5
20	473	1001	5
21	723	1009	6
22	917	1000	6
23	570	1009	6
24	888	1007	6
25	697	1003	6
26	684	1005	7
27	163	1007	7
28	693	1004	7
29	688	1003	7
30	975	1003	7
31	507	1008	8
32	893	1001	8
33	621	1004	8
34	74	1008	8
35	63	1000	8
36	814	1007	9
37	654	1007	9
38	211	1009	9
39	446	1005	9
40	165	1000	9
41	41	1007	10
42	585	1003	10
43	918	1000	10
44	935	1004	10
45	550	1004	10
46	135	1002	11
47	895	1007	11
48	206	1006	11
49	755	1002	11
50	194	1008	11

PROBLEM NAME: 	bench_10_5-TTP
KNAPSACK DATA TYPE: uncorrelated, similar weights
DIMENSION:	11
NUMBER OF ITEMS: 	50
CAPACITY OF KNAPSACK: 	22750
MIN SPEED: 	0.1
MAX SPEED: 	1
RENTING RATIO: 	72.70
EDGE_WEIGHT_TYPE:	CEIL_2D
NODE_COORD_SECTION	(INDEX, X, Y): 
1	288	149
2	188	145
3	124	169
4	40	113
5	32	57
6	132	137
7	156	137
8	124	29
9	162	9
10	284	93
11	212	145
ITEMS SECTION	(INDEX, PROFIT, WEIGHT, ASSIGNED NODE NUMBER): 
1	123	1000	2
2	766	1009	2
3	227	1001	2
4	940	1004	2
5	411	1006	2
6	475	1006	3
7	343	1007	3
8	970	1009	3
9	807	1000	3
10	366	1004	3
11	959	1005	4
12	372	1004	4
13	310	1007	4
14	773	1006	4
15	6	1002	4
16	667	1004	5
17	806	1009	5
18	290	1006	5
19	744	1006	5
20	356	1001	5
21	619	1009	6
22	541	1007	6
23	793	1007	6
24	272	1004	6
25	414	1005	6
26	658	1006	7
27	131	1009	7
28	643	1004	7
29	113	1006	7
30	382	1005	7
31	961	1004	8
32	80	1008	8
33	120	1003	8
34	568	1009	8
35	804	1009	8
36	554	1008	9
37	672	1004	9
38	101	1009	9
39	364	1006	9
40	552	1008	9
41	719	1008	10
42	856	1002	10
43	672	1001	10
44	339	1003	10
45	285	1007	10
46	654	1009	11
47	373	1001	11
48	979	1005	11
49	182	1000	11
50	65	1006	11
