PROBLEM NAME: 	bench_20_1-TTP
KNAPSACK DATA TYPE: uncorrelated, similar weights
DIMENSION:	21
NUMBER OF ITEMS: 	100
CAPACITY OF KNAPSACK: 	45501
MIN SPEED: 	0.1
MAX SPEED: 	1
RENTING RATIO: 	72.70
EDGE_WEIGHT_TYPE:	CEIL_2D
NODE_COORD_SECTION	(INDEX, X, Y): 
1	288	149
2	270	133
3	188	145
4	80	157
5	40	169
6	32	145
7	48	99
8	8	97
9	48	51
10	104	97
11	156	137
12	172	93
13	104	25
14	180	29
15	180	37
16	252	21
17	260	77
18	276	69
19	280	109
20	260	85
21	236	93
ITEMS SECTION	(INDEX, PROFIT, WEIGHT, ASSIGNED NODE NUMBER): 
1	896	1006	2
2	875	1004	2
3	434	1001	2
4	203	1006	2
5	64	1009	2
6	123	1000	3
7	766	1009	3
8	227	1001	3
9	940	1004	3
10	411	1006	3
11	240	1004	4
12	986	1002	4
13	41	1009	4
14	544	1003	4
15	808	1001	4
16	337	1003	5
17	886	1004	5
18	633	1002	5
19	822	1006	5
20	857	1008	5
21	226	1006	6
22	642	1000	6
23	652	1007	6
24	434	1009	6
25	473	1001	6
26	940	1002	7
27	453	1007	7
28	94	1009	7
29	812	1004	7
30	531	1008	7
31	754	1005	8
32	597	1007	8
33	73	1007	8
34	794	1001	8
35	157	1002	8
36	267	1006	9
37	550	1007	9
38	978	1002	9
39	955	1008	9
40	560	1009	9
41	812	1009	10
42	70	1000	10
43	337	1005	10
44	229	1003	10
45	253	1004	10
46	658	1006	11
47	131	1009	11
48	643	1004	11
49	113	1006	11
50	382	1005	11
51	300	1008	12
52	661	1007	12
53	291	1003	12
54	841	1006	12
55	536	1007	12
56	866	1004	13
57	506	1002	13
58	13	1002	13
59	806	1000	13
60	655	1000	13
61	37	1004	14
62	355	1007	14
63	81	1000	14
64	731	1004	14
65	376	1002	14
66	763	1003	15
67	153	1001	15
68	753	1004	15
69	350	1009	15
70	909	1004	15
71	983	1004	16
72	78	1006	16
73	673	1006	16
74	125	1005	16
75	781	1005	16
76	810	1005	17
77	245	1007	17
78	321	1002	17
79	73	1001	17
80	671	1004	17
81	958	1006	18
82	534	1002	18
83	1000	1003	18
84	502	1008	18
85	456	1009	18
86	965	1000	19
87	431	1003	19
88	201	1007	19
89	430	1004	19
90	557	1004	19
91	1	1005	20
92	944	1000	20
93	987	1006	20
94	745	1009	20
95	443	1008	20
96	164	1003	21
97	645	1008	21
98	501	1004	21
99	958	1004	21
100	168	1003	21

PROBLEM NAME: 	bench_20_2-TTP
KNAPSACK DATA TYPE: uncorrelated, similar weights
DIMENSION:	21
NUMBER OF ITEMS: 	100
CAPACITY OF KNAPSACK: 	45501
MIN SPEED: 	0.1
MAX SPEED: 	1
RENTING RATIO: 	72.70
EDGE_WEIGHT_TYPE:	CEIL_2D
NODE_COORD_SECTION	(INDEX, X, Y): 
1	288	149
2	188	145
3	148	145
4	104	153
5	40	129
6	40	153
7	32	65
8	40	63
9	56	57
10	140	137
11	172	85
12	104	73
13	132	21
14	120	9
15	162	9
16	196	49
17	236	21
18	260	69
19	228	117
20	212	117
21	280	133
ITEMS SECTION	(INDEX, PROFIT, WEIGHT, ASSIGNED NODE NUMBER): 
1	123	1000	2
2	766	1009	2
3	227	1001	2
4	940	1004	2
5	411	1006	2
6	645	1008	3
7	418	1000	3
8	166	1000	3
9	634	1003	3
10	198	1008	3
11	101	1008	4
12	532	1008	4
13	41	1009	4
14	325	1000	4
15	346	1009	4
16	242	1000	5
17	471	1009	5
18	858	1005	5
19	249	1008	5
20	295	1008	5
21	775	1001	6
22	153	1007	6
23	369	1008	6
24	979	1009	6
25	637	1005	6
26	829	1007	7
27	912	1001	7
28	683	1000	7
29	702	1008	7
30	773	1008	7
31	173	1002	8
32	646	1007	8
33	911	1004	8
34	306	1007	8
35	851	1001	8
36	249	1003	9
37	457	1006	9
38	288	1005	9
39	560	1002	9
40	657	1000	9
41	648	1000	10
42	152	1009	10
43	415	1000	10
44	820	1002	10
45	181	1003	10
46	174	1008	11
47	320	1001	11
48	938	1009	11
49	558	1006	11
50	701	1008	11
51	512	1007	12
52	25	1003	12
53	94	1004	12
54	438	1007	12
55	136	1007	12
56	55	1001	13
57	17	1004	13
58	855	1006	13
59	811	1002	13
60	566	1004	13
61	880	1009	14
62	427	1007	14
63	339	1007	14
64	364	1000	14
65	585	1006	14
66	554	1008	15
67	672	1004	15
68	101	1009	15
69	364	1006	15
70	552	1008	15
71	681	1001	16
72	786	1004	16
73	298	1001	16
74	687	1008	16
75	544	1008	16
76	636	1002	17
77	208	1005	17
78	971	1006	17
79	455	1001	17
80	814	1001	17
81	391	1007	18
82	763	1005	18
83	39	1003	18
84	686	1002	18
85	372	1000	18
86	762	1001	19
87	21	1001	19
88	705	1009	19
89	179	1004	19
90	185	1001	19
91	41	1001	20
92	478	1002	20
93	695	1003	20
94	29	1007	20
95	698	1006	20
96	240	1000	21
97	573	1008	21
98	45	1008	21
99	678	1008	21
100	721	1000	21

PROBLEM NAME: 	bench_20_3-TTP
KNAPSACK DATA TYPE: uncorrelated, similar weights
DIMENSION:	21
NUMBER OF ITEMS: 	100
CAPACITY OF KNAPSACK: 	45501
MIN SPEED: 	0.1
MAX SPEED: 	1
RENTING RATIO: 	72.70
EDGE_WEIGHT_TYPE:	CEIL_2D
NODE_COORD_SECTION	(INDEX, X, Y): 
1	288	149
2	228	169
3	228	161
4	80	157
5	64	157
6	16	109
7	24	45
8	56	9
9	104	105
10	104	113
11	104	129
12	172	125
13	148	9
14	180	37
15	212	65
16	288	109
17	276	101
18	276	93
19	180	117
20	252	125
21	280	133
ITEMS SECTION	(INDEX, PROFIT, WEIGHT, ASSIGNED NODE NUMBER): 
1	122	1009	2
2	648	1002	2
3	530	1003	2
4	302	1008	2
5	426	1005	2
6	486	1004	3
7	515	1004	3
8	104	1000	3
9	643	1005	3
10	53	1006	3
11	240	1004	4
12	986	1002	4
13	41	1009	4
14	544	1003	4
15	808	1001	4
16	248	1005	5
17	888	1001	5
18	380	1001	5
19	990	1008	5
20	743	1007	5
21	861	1009	6
22	598	1001	6
23	835	1001	6
24	850	1005	6
25	26	1001	6
26	155	1009	7
27	89	1000	7
28	869	1000	7
29	879	1005	7
30	114	1007	7
31	862	1009	8
32	495	1007	8
33	666	1004	8
34	861	1004	8
35	300	1006	8
36	753	1008	9
37	186	1006	9
38	927	1003	9
39	343	1001	9
40	417	1000	9
41	544	1003	10
42	314	1005	10
43	723	1008	10
44	302	1003	10
45	113	1003	10
46	830	1004	11
47	119	1002	11
48	819	1000	11
49	928	1006	11
50	496	1004	11
51	806	1008	12
52	574	1004	12
53	220	1008	12
54	779	1000	12
55	790	1009	12
56	680	1007	13
57	244	1009	13
58	665	1002	13
59	527	1001	13
60	53	1009	13
61	763	1003	14
62	153	1001	14
63	753	1004	14
64	350	1009	14
65	909	1004	14
66	514	1006	15
67	975	1003	15
68	244	1001	15
69	398	1002	15
70	351	1006	15
71	341	1006	16
72	681	1000	16
73	618	1006	16
74	485	1006	16
75	134	1006	16
76	859	1008	17
77	71	1002	17
78	553	1006	17
79	540	1006	17
80	597	1008	17
81	456	1000	18
82	211	1005	18
83	959	1008	18
84	902	1003	18
85	585	1005	18
86	969	1008	19
87	50	1009	19
88	870	1005	19
89	32	1009	19
90	399	1007	19
91	450	1000	20
92	388	1000	20
93	739	1003	20
94	731	1001	20
95	486	1009	20
96	240	1000	21
97	573	1008	21
98	45	1008	21
99	678	1008	21
100	721	1000	21

PROBLEM NAME: 	bench_20_4-TTP
KNAPSACK DATA TYPE: uncorrelated, similar weights
DIMENSION:	21
NUMBER OF ITEMS: 	100
CAPACITY OF KNAPSACK: 	45501
MIN SPEED: 	0.1
MAX SPEED: 	1
RENTING RATIO: 	72.70
EDGE_WEIGHT_TYPE:	CEIL_2D
NODE_COORD_SECTION	(INDEX, X, Y): 
1	288	149
2	204	169
3	104	169
4	64	165
5	40	153
6	32	145
7	32	129
8	32	49
9	44	43
10	56	81
11	104	121
12	172	109
13	180	61
14	148	85
15	104	89
16	132	21
17	204	57
18	228	69
19	268	97
20	180	109
21	236	145
ITEMS SECTION	(INDEX, PROFIT, WEIGHT, ASSIGNED NODE NUMBER): 
1	589	1004	2
2	32	1000	2
3	823	1002	2
4	160	1004	2
5	883	1005	2
6	751	1008	3
7	897	1003	3
8	137	1008	3
9	756	1005	3
10	376	1000	3
11	768	1000	4
12	759	1005	4
13	222	1005	4
14	311	1005	4
15	279	1000	4
16	775	1001	5
17	153	1007	5
18	369	1008	5
19	979	1009	5
20	637	1005	5
21	226	1006	6
22	642	1000	6
23	652	1007	6
24	434	1009	6
25	473	1001	6
26	921	1000	7
27	258	1007	7
28	236	1000	7
29	306	1004	7
30	786	1003	7
31	723	1009	8
32	917	1000	8
33	570	1009	8
34	888	1007	8
35	697	1003	8
36	977	1005	9
37	5	1007	9
38	40	1002	9
39	841	1007	9
40	484	1006	9
41	56	1008	10
42	988	1006	10
43	326	1001	10
44	120	1007	10
45	12	1008	10
46	684	1005	11
47	163	1007	11
48	693	1004	11
49	688	1003	11
50	975	1003	11
51	612	1002	12
52	275	1005	12
53	925	1007	12
54	208	1006	12
55	201	1000	12
56	665	1000	13
57	458	1003	13
58	56	1005	13
59	292	1008	13
60	667	1006	13
61	444	1007	14
62	843	1007	14
63	281	1004	14
64	492	1003	14
65	94	1001	14
66	507	1008	15
67	893	1001	15
68	621	1004	15
69	74	1008	15
70	63	1000	15
71	55	1001	16
72	17	1004	16
73	855	1006	16
74	811	1002	16
75	566	1004	16
76	814	1007	17
77	654	1007	17
78	211	1009	17
79	446	1005	17
80	165	1000	17
81	41	1007	18
82	585	1003	18
83	918	1000	18
84	935	1004	18
85	550	1004	18
86	135	1002	19
87	895	1007	19
88	206	1006	19
89	755	1002	19
90	194	1008	19
91	732	1009	20
92	815	1002	20
93	455	1008	20
94	325	1002	20
95	784	1008	20
96	260	1000	21
97	495	1002	21
98	425	1006	21
99	143	1008	21
100	882	1007	21

PROBLEM NAME: 	bench_20_5-TTP
KNAPSACK DATA TYPE: uncorrelated, similar weights
DIMENSION:	21
NUMBER OF ITEMS: 	100
CAPACITY OF KNAPSACK: 	45501
MIN SPEED: 	0.1
MAX SPEED: 	1
RENTING RATIO: 	72.70
EDGE_WEIGHT_TYPE:	CEIL_2D
NODE_COORD_SECTION	(INDEX, X, Y): 
1	288	149
2	228	169
3	188	145
4	124	169
5	32	145
6	40	113
7	32	57
8	16	25
9	48	63
10	132	145
11	132	137
12	156	137
13	172	53
14	124	29
15	162	9
16	180	29
17	236	69
18	284	93
19	288	109
20	212	145
21	280	133
ITEMS SECTION	(INDEX, PROFIT, WEIGHT, ASSIGNED NODE NUMBER): 
1	122	1009	2
2	648	1002	2
3	530	1003	2
4	302	1008	2
5	426	1005	2
6	123	1000	3
7	766	1009	3
8	227	1001	3
9	940	1004	3
10	411	1006	3
11	475	1006	4
12	343	1007	4
13	970	1009	4
14	807	1000	4
15	366	1004	4
16	226	1006	5
17	642	1000	5
18	652	1007	5
19	434	1009	5
20	473	1001	5
21	959	1005	6
22	372	1004	6
23	310	1007	6
24	773	1006	6
25	6	1002	6
26	667	1004	7
27	806	1009	7
28	290	1006	7
29	744	1006	7
30	356	1001	7
31	587	1002	8
32	386	1000	8
33	142	1003	8
34	581	1004	8
35	132	1007	8
36	174	1003	9
37	892	1005	9
38	304	1007	9
39	729	1000	9
40	572	1002	9
41	445	1005	10
42	741	1002	10
43	867	1009	10
44	552	1009	10
45	183	1001	10
46	619	1009	11
47	541	1007	11
48	793	1007	11
49	272	1004	11
50	414	1005	11
51	658	1006	12
52	131	1009	12
53	643	1004	12
54	113	1006	12
55	382	1005	12
56	308	1000	13
57	286	1009	13
58	296	1000	13
59	502	1004	13
60	119	1002	13
61	961	1004	14
62	80	1008	14
63	120	1003	14
64	568	1009	14
65	804	1009	14
66	554	1008	15
67	672	1004	15
68	101	1009	15
69	364	1006	15
70	552	1008	15
71	37	1004	16
72	355	1007	16
73	81	1000	16
74	731	1004	16
75	376	1002	16
76	59	1001	17
77	469	1008	17
78	866	1002	17
79	98	1003	17
80	151	1005	17
81	719	1008	18
82	856	1002	18
83	672	1001	18
84	339	1003	18
85	285	1007	18
86	341	1006	19
87	681	1000	19
88	618	1006	19
89	485	1006	19
90	134	1006	19
91	654	1009	20
92	373	1001	20
93	979	1005	20
94	182	1000	20
95	65	1006	20
96	240	1000	21
97	573	1008	21
98	45	1008	21
99	678	1008	21
100	721	1000	21
