PROBLEM NAME: 	ttd300_n75_L2-TTP
KNAPSACK DATA TYPE: uncorrelated, similar weights
DIMENSION:	76
NUMBER OF ITEMS: 	375
CAPACITY OF KNAPSACK: 	170628
MIN SPEED: 	0.1
MAX SPEED: 	1
RENTING RATIO: 	50.00
EDGE_WEIGHT_TYPE:	CEIL_2D
NODE_COORD_SECTION	(INDEX, X, Y): 
1	104	297
2	33	52
3	151	245
4	285	26
5	65	20
6	102	80
7	166	122
8	201	119
9	148	95
10	176	275
11	292	272
12	273	153
13	195	108
14	265	193
15	144	135
16	127	230
17	278	269
18	109	290
19	240	255
20	195	269
21	102	253
22	264	105
23	94	67
24	91	143
25	131	203
26	89	241
27	126	278
28	89	112
29	293	4
30	50	9
31	240	3
32	73	239
33	266	141
34	138	118
35	299	45
36	159	274
37	171	213
38	149	218
39	63	140
40	287	151
41	72	75
42	187	85
43	41	271
44	270	120
45	52	43
46	70	229
47	2	47
48	99	61
49	114	173
50	70	166
51	165	197
52	143	141
53	88	287
54	188	294
55	181	73
56	79	286
57	291	209
58	258	230
59	83	85
60	111	266
61	203	255
62	27	285
63	129	212
64	263	90
65	280	175
66	73	4
67	235	251
68	133	184
69	81	283
70	86	106
71	9	113
72	254	179
73	250	8
74	166	92
75	183	117
76	135	72
ITEMS SECTION	(INDEX, PROFIT, WEIGHT, ASSIGNED NODE NUMBER): 
1	770	1009	2
2	342	1000	2
3	965	1004	2
4	16	1004	2
5	875	1000	2
6	213	1005	3
7	363	1006	3
8	381	1001	3
9	477	1009	3
10	376	1006	3
11	881	1003	4
12	552	1007	4
13	212	1009	4
14	638	1008	4
15	736	1009	4
16	294	1003	5
17	23	1000	5
18	376	1001	5
19	556	1005	5
20	87	1006	5
21	487	1002	6
22	344	1009	6
23	775	1000	6
24	192	1009	6
25	186	1001	6
26	533	1000	7
27	32	1006	7
28	477	1006	7
29	930	1007	7
30	584	1004	7
31	450	1002	8
32	825	1005	8
33	353	1007	8
34	4	1002	8
35	995	1002	8
36	697	1006	9
37	995	1005	9
38	230	1008	9
39	57	1000	9
40	757	1009	9
41	567	1004	10
42	325	1001	10
43	756	1003	10
44	929	1005	10
45	498	1005	10
46	532	1009	11
47	532	1004	11
48	672	1007	11
49	470	1003	11
50	819	1004	11
51	711	1001	12
52	673	1003	12
53	389	1009	12
54	969	1001	12
55	903	1005	12
56	234	1001	13
57	323	1007	13
58	739	1004	13
59	105	1002	13
60	320	1008	13
61	235	1001	14
62	310	1001	14
63	552	1001	14
64	322	1006	14
65	714	1004	14
66	53	1004	15
67	939	1005	15
68	234	1003	15
69	934	1006	15
70	539	1003	15
71	313	1003	16
72	135	1008	16
73	636	1009	16
74	204	1002	16
75	127	1006	16
76	302	1004	17
77	983	1007	17
78	208	1007	17
79	246	1008	17
80	697	1008	17
81	928	1005	18
82	860	1008	18
83	214	1003	18
84	620	1004	18
85	734	1003	18
86	901	1000	19
87	357	1001	19
88	744	1008	19
89	996	1000	19
90	447	1002	19
91	413	1004	20
92	132	1006	20
93	939	1003	20
94	430	1009	20
95	801	1008	20
96	678	1007	21
97	207	1006	21
98	796	1002	21
99	976	1002	21
100	599	1006	21
101	376	1005	22
102	909	1003	22
103	177	1004	22
104	426	1009	22
105	329	1006	22
106	86	1007	23
107	428	1000	23
108	676	1009	23
109	891	1007	23
110	359	1005	23
111	42	1002	24
112	636	1008	24
113	478	1003	24
114	279	1004	24
115	68	1007	24
116	728	1000	25
117	310	1001	25
118	763	1009	25
119	774	1003	25
120	469	1009	25
121	583	1006	26
122	145	1008	26
123	561	1008	26
124	16	1008	26
125	320	1006	26
126	390	1005	27
127	637	1009	27
128	12	1009	27
129	989	1003	27
130	93	1004	27
131	745	1009	28
132	487	1002	28
133	363	1004	28
134	773	1009	28
135	423	1003	28
136	149	1005	29
137	331	1001	29
138	736	1002	29
139	191	1003	29
140	970	1009	29
141	954	1008	30
142	722	1004	30
143	451	1002	30
144	7	1006	30
145	151	1002	30
146	661	1009	31
147	820	1005	31
148	637	1004	31
149	624	1004	31
150	738	1009	31
151	331	1003	32
152	681	1009	32
153	355	1007	32
154	137	1000	32
155	202	1008	32
156	377	1006	33
157	52	1008	33
158	743	1009	33
159	996	1003	33
160	832	1004	33
161	434	1006	34
162	530	1002	34
163	753	1003	34
164	550	1006	34
165	938	1000	34
166	520	1006	35
167	938	1000	35
168	942	1009	35
169	804	1006	35
170	386	1001	35
171	473	1001	36
172	930	1007	36
173	636	1008	36
174	153	1006	36
175	430	1000	36
176	168	1007	37
177	898	1004	37
178	745	1009	37
179	300	1007	37
180	230	1004	37
181	415	1009	38
182	925	1006	38
183	823	1001	38
184	6	1008	38
185	657	1003	38
186	995	1004	39
187	526	1007	39
188	457	1002	39
189	223	1005	39
190	636	1001	39
191	102	1009	40
192	14	1007	40
193	576	1001	40
194	424	1009	40
195	707	1001	40
196	163	1004	41
197	375	1002	41
198	261	1006	41
199	932	1009	41
200	875	1008	41
201	695	1001	42
202	879	1004	42
203	965	1007	42
204	297	1004	42
205	70	1008	42
206	885	1008	43
207	835	1001	43
208	109	1006	43
209	684	1005	43
210	162	1008	43
211	266	1002	44
212	41	1003	44
213	468	1009	44
214	732	1007	44
215	839	1006	44
216	719	1009	45
217	996	1004	45
218	274	1002	45
219	487	1008	45
220	64	1008	45
221	931	1000	46
222	770	1000	46
223	346	1002	46
224	177	1004	46
225	844	1008	46
226	301	1001	47
227	399	1005	47
228	170	1003	47
229	734	1008	47
230	646	1009	47
231	711	1009	48
232	852	1007	48
233	110	1002	48
234	581	1003	48
235	720	1009	48
236	98	1009	49
237	110	1008	49
238	802	1006	49
239	540	1008	49
240	699	1004	49
241	775	1006	50
242	680	1001	50
243	946	1007	50
244	563	1006	50
245	782	1004	50
246	776	1007	51
247	369	1003	51
248	447	1007	51
249	102	1009	51
250	631	1007	51
251	555	1006	52
252	850	1002	52
253	825	1000	52
254	892	1007	52
255	203	1002	52
256	202	1005	53
257	773	1003	53
258	593	1007	53
259	804	1009	53
260	504	1008	53
261	668	1006	54
262	466	1005	54
263	103	1009	54
264	593	1006	54
265	851	1007	54
266	733	1004	55
267	45	1006	55
268	8	1008	55
269	112	1003	55
270	778	1001	55
271	968	1007	56
272	114	1004	56
273	994	1006	56
274	35	1004	56
275	280	1006	56
276	671	1009	57
277	899	1004	57
278	656	1002	57
279	886	1004	57
280	626	1001	57
281	253	1003	58
282	577	1006	58
283	823	1007	58
284	309	1006	58
285	796	1005	58
286	40	1007	59
287	149	1007	59
288	662	1008	59
289	257	1007	59
290	609	1005	59
291	340	1004	60
292	379	1001	60
293	492	1000	60
294	971	1005	60
295	996	1003	60
296	984	1002	61
297	251	1005	61
298	402	1002	61
299	550	1009	61
300	103	1003	61
301	720	1008	62
302	807	1009	62
303	419	1008	62
304	301	1008	62
305	583	1004	62
306	381	1009	63
307	906	1004	63
308	857	1008	63
309	886	1002	63
310	966	1009	63
311	538	1005	64
312	837	1000	64
313	347	1001	64
314	709	1001	64
315	751	1003	64
316	903	1009	65
317	992	1009	65
318	317	1002	65
319	679	1008	65
320	119	1000	65
321	885	1004	66
322	958	1004	66
323	205	1001	66
324	24	1006	66
325	923	1000	66
326	135	1002	67
327	9	1008	67
328	348	1005	67
329	41	1005	67
330	214	1007	67
331	246	1008	68
332	567	1004	68
333	858	1002	68
334	53	1003	68
335	242	1004	68
336	965	1005	69
337	413	1002	69
338	155	1008	69
339	59	1003	69
340	923	1004	69
341	878	1005	70
342	468	1002	70
343	3	1000	70
344	34	1002	70
345	692	1000	70
346	387	1004	71
347	474	1008	71
348	801	1005	71
349	197	1001	71
350	215	1006	71
351	982	1008	72
352	67	1000	72
353	48	1002	72
354	84	1008	72
355	911	1005	72
356	497	1001	73
357	545	1000	73
358	148	1006	73
359	990	1000	73
360	236	1000	73
361	279	1006	74
362	307	1007	74
363	777	1005	74
364	885	1006	74
365	810	1008	74
366	974	1000	75
367	67	1000	75
368	678	1004	75
369	631	1005	75
370	855	1005	75
371	812	1004	76
372	299	1009	76
373	364	1009	76
374	611	1001	76
375	284	1008	76
