PROBLEM NAME: 	ttd300_n100_L3_f075-TTP
KNAPSACK DATA TYPE: uncorrelated, similar weights
DIMENSION:	101
NUMBER OF ITEMS: 	500
CAPACITY OF KNAPSACK: 	227504
MIN SPEED: 	0.1
MAX SPEED: 	1
RENTING RATIO: 	50.00
EDGE_WEIGHT_TYPE:	CEIL_2D
DRONE ENDURANCE: 	282
NODE_COORD_SECTION	(INDEX, X, Y): 
1	189	90
2	8	25
3	15	256
4	87	20
5	89	122
6	188	257
7	47	288
8	38	167
9	56	284
10	56	146
11	243	274
12	138	107
13	143	256
14	11	153
15	182	15
16	291	62
17	238	148
18	199	167
19	115	164
20	228	9
21	166	199
22	230	123
23	291	108
24	164	74
25	25	72
26	272	257
27	192	210
28	223	288
29	148	259
30	245	246
31	172	281
32	226	54
33	16	45
34	155	82
35	247	161
36	196	217
37	238	18
38	234	247
39	44	260
40	67	16
41	190	102
42	146	89
43	284	15
44	113	262
45	206	211
46	158	28
47	23	224
48	45	14
49	256	179
50	68	223
51	286	264
52	241	199
53	17	116
54	89	41
55	249	117
56	178	11
57	264	193
58	288	120
59	267	280
60	69	63
61	148	58
62	32	210
63	116	94
64	120	69
65	86	141
66	93	223
67	239	69
68	118	67
69	81	260
70	118	298
71	163	40
72	257	167
73	109	222
74	287	7
75	204	223
76	228	144
77	122	108
78	91	280
79	36	188
80	40	290
81	165	277
82	167	134
83	21	71
84	50	108
85	272	29
86	232	109
87	73	163
88	279	107
89	131	168
90	74	214
91	83	108
92	22	228
93	205	196
94	293	269
95	150	196
96	171	151
97	216	67
98	36	105
99	172	168
100	211	93
101	229	97
ITEMS SECTION	(INDEX, PROFIT, WEIGHT, ASSIGNED NODE NUMBER): 
1	11	1006	2
2	765	1009	2
3	44	1004	2
4	133	1007	2
5	53	1008	2
6	927	1007	3
7	446	1009	3
8	730	1001	3
9	410	1002	3
10	761	1003	3
11	576	1000	4
12	825	1001	4
13	894	1005	4
14	838	1001	4
15	836	1003	4
16	844	1007	5
17	460	1007	5
18	614	1002	5
19	811	1008	5
20	72	1000	5
21	72	1006	6
22	714	1005	6
23	214	1005	6
24	342	1003	6
25	415	1006	6
26	167	1005	7
27	207	1009	7
28	325	1002	7
29	933	1007	7
30	954	1000	7
31	728	1009	8
32	619	1000	8
33	722	1001	8
34	15	1002	8
35	714	1007	8
36	334	1003	9
37	932	1004	9
38	235	1008	9
39	805	1000	9
40	758	1008	9
41	669	1007	10
42	515	1006	10
43	933	1000	10
44	492	1000	10
45	409	1003	10
46	283	1002	11
47	636	1000	11
48	648	1002	11
49	890	1002	11
50	177	1006	11
51	296	1001	12
52	769	1007	12
53	754	1007	12
54	1000	1006	12
55	386	1007	12
56	971	1003	13
57	695	1006	13
58	383	1004	13
59	955	1009	13
60	825	1001	13
61	596	1009	14
62	508	1007	14
63	195	1009	14
64	760	1006	14
65	399	1000	14
66	191	1000	15
67	149	1008	15
68	659	1009	15
69	442	1007	15
70	178	1007	15
71	189	1005	16
72	58	1008	16
73	923	1001	16
74	436	1006	16
75	768	1002	16
76	795	1007	17
77	789	1008	17
78	601	1006	17
79	654	1001	17
80	420	1007	17
81	967	1006	18
82	85	1005	18
83	707	1007	18
84	750	1004	18
85	181	1002	18
86	605	1009	19
87	599	1002	19
88	613	1000	19
89	553	1007	19
90	344	1009	19
91	638	1008	20
92	514	1008	20
93	123	1006	20
94	472	1003	20
95	314	1003	20
96	424	1009	21
97	967	1000	21
98	94	1002	21
99	767	1001	21
100	239	1002	21
101	891	1009	22
102	308	1006	22
103	554	1004	22
104	552	1007	22
105	942	1000	22
106	606	1007	23
107	385	1009	23
108	757	1004	23
109	756	1007	23
110	793	1008	23
111	720	1002	24
112	165	1008	24
113	311	1005	24
114	491	1002	24
115	920	1008	24
116	48	1008	25
117	944	1005	25
118	592	1008	25
119	174	1005	25
120	701	1003	25
121	616	1000	26
122	686	1004	26
123	902	1007	26
124	51	1000	26
125	691	1004	26
126	631	1002	27
127	368	1006	27
128	382	1009	27
129	173	1007	27
130	244	1004	27
131	808	1009	28
132	375	1007	28
133	478	1003	28
134	451	1003	28
135	454	1005	28
136	981	1004	29
137	231	1000	29
138	679	1001	29
139	686	1005	29
140	285	1006	29
141	189	1004	30
142	700	1000	30
143	997	1004	30
144	881	1005	30
145	582	1008	30
146	623	1006	31
147	947	1001	31
148	661	1009	31
149	569	1000	31
150	798	1002	31
151	61	1008	32
152	248	1008	32
153	783	1004	32
154	463	1000	32
155	492	1005	32
156	446	1000	33
157	652	1009	33
158	661	1005	33
159	252	1003	33
160	797	1003	33
161	568	1001	34
162	360	1006	34
163	90	1009	34
164	628	1000	34
165	785	1000	34
166	751	1007	35
167	564	1000	35
168	669	1002	35
169	331	1006	35
170	158	1008	35
171	993	1009	36
172	802	1003	36
173	574	1007	36
174	851	1002	36
175	296	1003	36
176	88	1001	37
177	987	1009	37
178	464	1005	37
179	119	1009	37
180	750	1001	37
181	460	1000	38
182	570	1005	38
183	151	1002	38
184	200	1003	38
185	663	1008	38
186	724	1000	39
187	496	1005	39
188	945	1001	39
189	540	1004	39
190	625	1001	39
191	823	1006	40
192	175	1000	40
193	137	1008	40
194	298	1003	40
195	692	1002	40
196	963	1009	41
197	864	1001	41
198	760	1009	41
199	982	1009	41
200	306	1008	41
201	10	1001	42
202	457	1002	42
203	202	1009	42
204	126	1009	42
205	770	1009	42
206	36	1003	43
207	691	1002	43
208	106	1002	43
209	7	1002	43
210	781	1009	43
211	667	1006	44
212	287	1004	44
213	51	1005	44
214	943	1007	44
215	717	1004	44
216	287	1007	45
217	719	1006	45
218	665	1005	45
219	263	1009	45
220	603	1007	45
221	723	1008	46
222	690	1005	46
223	700	1008	46
224	903	1001	46
225	772	1005	46
226	50	1007	47
227	926	1007	47
228	652	1004	47
229	596	1004	47
230	5	1006	47
231	321	1006	48
232	427	1004	48
233	58	1007	48
234	472	1000	48
235	931	1002	48
236	234	1007	49
237	812	1007	49
238	938	1009	49
239	573	1009	49
240	309	1006	49
241	715	1000	50
242	348	1006	50
243	769	1005	50
244	22	1008	50
245	937	1005	50
246	806	1001	51
247	629	1006	51
248	261	1003	51
249	525	1007	51
250	536	1004	51
251	62	1002	52
252	379	1001	52
253	588	1004	52
254	161	1008	52
255	499	1009	52
256	484	1006	53
257	493	1004	53
258	728	1009	53
259	540	1007	53
260	64	1005	53
261	355	1004	54
262	157	1002	54
263	300	1005	54
264	285	1003	54
265	912	1007	54
266	135	1006	55
267	977	1008	55
268	809	1004	55
269	885	1004	55
270	845	1002	55
271	939	1003	56
272	901	1001	56
273	177	1003	56
274	296	1009	56
275	384	1004	56
276	315	1009	57
277	396	1003	57
278	573	1000	57
279	940	1004	57
280	190	1000	57
281	271	1005	58
282	527	1006	58
283	747	1009	58
284	9	1009	58
285	92	1007	58
286	565	1009	59
287	147	1003	59
288	929	1006	59
289	194	1004	59
290	56	1005	59
291	857	1008	60
292	84	1007	60
293	477	1004	60
294	842	1000	60
295	31	1006	60
296	803	1008	61
297	951	1005	61
298	746	1008	61
299	837	1006	61
300	330	1008	61
301	272	1007	62
302	438	1007	62
303	398	1008	62
304	932	1009	62
305	919	1000	62
306	584	1008	63
307	471	1008	63
308	682	1003	63
309	59	1006	63
310	1000	1001	63
311	125	1002	64
312	861	1004	64
313	218	1005	64
314	789	1006	64
315	858	1001	64
316	594	1009	65
317	374	1006	65
318	535	1009	65
319	586	1005	65
320	432	1009	65
321	657	1007	66
322	6	1000	66
323	76	1004	66
324	863	1003	66
325	267	1009	66
326	771	1006	67
327	609	1008	67
328	7	1005	67
329	450	1004	67
330	993	1003	67
331	848	1000	68
332	25	1004	68
333	378	1007	68
334	625	1002	68
335	935	1006	68
336	612	1009	69
337	556	1003	69
338	144	1009	69
339	871	1008	69
340	276	1005	69
341	302	1000	70
342	734	1009	70
343	271	1008	70
344	931	1005	70
345	998	1002	70
346	348	1006	71
347	677	1000	71
348	526	1006	71
349	217	1001	71
350	271	1001	71
351	261	1001	72
352	773	1006	72
353	938	1000	72
354	825	1005	72
355	940	1009	72
356	83	1003	73
357	620	1007	73
358	637	1004	73
359	196	1002	73
360	923	1006	73
361	870	1001	74
362	590	1005	74
363	357	1000	74
364	486	1004	74
365	114	1001	74
366	627	1003	75
367	71	1008	75
368	495	1002	75
369	919	1007	75
370	35	1006	75
371	572	1000	76
372	230	1007	76
373	15	1000	76
374	159	1001	76
375	94	1001	76
376	622	1004	77
377	932	1009	77
378	823	1008	77
379	537	1006	77
380	857	1005	77
381	645	1005	78
382	834	1005	78
383	791	1002	78
384	647	1006	78
385	764	1003	78
386	323	1000	79
387	551	1001	79
388	92	1001	79
389	875	1009	79
390	798	1006	79
391	629	1009	80
392	492	1006	80
393	471	1004	80
394	2	1000	80
395	327	1004	80
396	561	1006	81
397	518	1009	81
398	623	1002	81
399	351	1002	81
400	863	1006	81
401	908	1008	82
402	422	1001	82
403	301	1004	82
404	432	1003	82
405	930	1007	82
406	627	1004	83
407	396	1007	83
408	509	1009	83
409	241	1009	83
410	367	1000	83
411	597	1007	84
412	244	1001	84
413	146	1008	84
414	452	1006	84
415	809	1006	84
416	146	1003	85
417	346	1006	85
418	336	1002	85
419	693	1006	85
420	901	1009	85
421	115	1002	86
422	997	1006	86
423	622	1002	86
424	867	1006	86
425	734	1000	86
426	968	1000	87
427	466	1009	87
428	753	1000	87
429	648	1007	87
430	660	1005	87
431	210	1001	88
432	933	1002	88
433	887	1004	88
434	141	1008	88
435	356	1001	88
436	988	1002	89
437	226	1002	89
438	209	1000	89
439	8	1003	89
440	120	1007	89
441	327	1009	90
442	99	1001	90
443	811	1002	90
444	455	1000	90
445	818	1006	90
446	952	1003	91
447	651	1001	91
448	271	1003	91
449	216	1008	91
450	254	1007	91
451	408	1003	92
452	1	1001	92
453	233	1009	92
454	396	1001	92
455	72	1002	92
456	622	1009	93
457	720	1007	93
458	421	1001	93
459	912	1008	93
460	833	1000	93
461	561	1000	94
462	857	1008	94
463	739	1008	94
464	113	1004	94
465	614	1004	94
466	489	1002	95
467	560	1002	95
468	550	1001	95
469	843	1002	95
470	983	1001	95
471	157	1002	96
472	720	1001	96
473	80	1006	96
474	877	1002	96
475	769	1006	96
476	241	1003	97
477	941	1000	97
478	652	1001	97
479	614	1006	97
480	759	1007	97
481	98	1003	98
482	270	1001	98
483	513	1001	98
484	876	1008	98
485	495	1007	98
486	907	1008	99
487	305	1001	99
488	273	1005	99
489	7	1000	99
490	111	1009	99
491	40	1002	100
492	320	1008	100
493	586	1005	100
494	957	1006	100
495	846	1008	100
496	444	1000	101
497	289	1007	101
498	967	1007	101
499	421	1003	101
500	382	1007	101
