PROBLEM NAME: 	ttd300_n75_L4_f100-TTP
KNAPSACK DATA TYPE: uncorrelated, similar weights
DIMENSION:	76
NUMBER OF ITEMS: 	375
CAPACITY OF KNAPSACK: 	170628
MIN SPEED: 	0.1
MAX SPEED: 	1
RENTING RATIO: 	50.00
EDGE_WEIGHT_TYPE:	CEIL_2D
DRONE ENDURANCE: 	354
NODE_COORD_SECTION	(INDEX, X, Y): 
1	154	59
2	153	81
3	95	280
4	207	136
5	122	178
6	67	288
7	223	286
8	39	129
9	23	154
10	255	223
11	265	113
12	243	34
13	197	174
14	14	156
15	249	22
16	228	86
17	160	139
18	61	210
19	223	179
20	70	44
21	98	284
22	69	239
23	141	154
24	151	202
25	34	274
26	74	13
27	138	229
28	36	234
29	162	121
30	121	160
31	35	69
32	26	194
33	300	123
34	54	35
35	102	167
36	21	232
37	287	269
38	273	147
39	288	229
40	161	124
41	59	170
42	210	164
43	138	94
44	163	128
45	43	244
46	287	55
47	250	250
48	211	103
49	138	197
50	131	12
51	195	24
52	27	250
53	171	54
54	183	39
55	273	189
56	179	267
57	76	190
58	255	155
59	70	193
60	98	172
61	124	91
62	217	121
63	206	137
64	247	105
65	183	163
66	86	157
67	245	182
68	49	74
69	272	86
70	131	230
71	203	90
72	167	192
73	299	40
74	29	250
75	200	243
76	56	260
ITEMS SECTION	(INDEX, PROFIT, WEIGHT, ASSIGNED NODE NUMBER): 
1	801	1008	2
2	713	1006	2
3	167	1002	2
4	298	1004	2
5	292	1008	2
6	24	1000	3
7	554	1000	3
8	778	1000	3
9	449	1001	3
10	701	1008	3
11	777	1000	4
12	642	1001	4
13	419	1008	4
14	872	1004	4
15	294	1003	4
16	339	1000	5
17	265	1005	5
18	879	1008	5
19	345	1009	5
20	390	1001	5
21	202	1008	6
22	824	1002	6
23	388	1007	6
24	165	1008	6
25	796	1005	6
26	874	1001	7
27	692	1004	7
28	690	1004	7
29	842	1000	7
30	870	1002	7
31	152	1000	8
32	697	1009	8
33	855	1008	8
34	205	1001	8
35	598	1000	8
36	238	1002	9
37	495	1007	9
38	825	1000	9
39	515	1009	9
40	147	1002	9
41	392	1003	10
42	794	1007	10
43	862	1001	10
44	820	1009	10
45	872	1006	10
46	846	1009	11
47	557	1005	11
48	564	1009	11
49	810	1001	11
50	219	1005	11
51	197	1000	12
52	529	1000	12
53	314	1002	12
54	783	1001	12
55	591	1001	12
56	525	1005	13
57	84	1005	13
58	891	1006	13
59	764	1008	13
60	63	1007	13
61	906	1003	14
62	125	1006	14
63	778	1006	14
64	855	1009	14
65	95	1008	14
66	55	1002	15
67	198	1001	15
68	281	1000	15
69	697	1006	15
70	385	1009	15
71	502	1007	16
72	434	1001	16
73	824	1000	16
74	113	1004	16
75	645	1008	16
76	519	1003	17
77	868	1003	17
78	755	1005	17
79	464	1000	17
80	329	1004	17
81	801	1003	18
82	225	1001	18
83	831	1000	18
84	141	1005	18
85	725	1001	18
86	822	1009	19
87	123	1006	19
88	840	1006	19
89	941	1002	19
90	826	1006	19
91	576	1000	20
92	305	1004	20
93	823	1000	20
94	691	1005	20
95	824	1007	20
96	566	1002	21
97	190	1006	21
98	700	1005	21
99	719	1001	21
100	802	1008	21
101	497	1008	22
102	938	1009	22
103	210	1007	22
104	943	1002	22
105	448	1007	22
106	784	1002	23
107	67	1009	23
108	720	1000	23
109	753	1009	23
110	150	1000	23
111	510	1005	24
112	446	1000	24
113	535	1004	24
114	674	1002	24
115	688	1003	24
116	892	1008	25
117	667	1001	25
118	256	1007	25
119	794	1005	25
120	850	1001	25
121	106	1002	26
122	575	1001	26
123	166	1009	26
124	701	1008	26
125	514	1006	26
126	866	1004	27
127	647	1005	27
128	615	1004	27
129	157	1008	27
130	538	1000	27
131	612	1000	28
132	141	1006	28
133	398	1006	28
134	677	1004	28
135	818	1000	28
136	960	1000	29
137	351	1009	29
138	620	1008	29
139	299	1007	29
140	174	1009	29
141	94	1005	30
142	47	1003	30
143	752	1005	30
144	533	1000	30
145	791	1006	30
146	170	1002	31
147	962	1002	31
148	841	1004	31
149	236	1006	31
150	748	1001	31
151	572	1005	32
152	995	1007	32
153	786	1000	32
154	296	1000	32
155	682	1007	32
156	803	1007	33
157	848	1001	33
158	75	1008	33
159	607	1007	33
160	295	1006	33
161	137	1006	34
162	45	1008	34
163	18	1004	34
164	699	1003	34
165	941	1005	34
166	91	1001	35
167	951	1003	35
168	997	1009	35
169	522	1003	35
170	750	1004	35
171	742	1007	36
172	388	1000	36
173	319	1003	36
174	705	1003	36
175	16	1001	36
176	586	1005	37
177	317	1007	37
178	678	1000	37
179	797	1001	37
180	562	1008	37
181	55	1009	38
182	712	1005	38
183	513	1003	38
184	913	1005	38
185	342	1002	38
186	302	1000	39
187	103	1004	39
188	953	1005	39
189	390	1005	39
190	912	1006	39
191	311	1001	40
192	590	1007	40
193	712	1005	40
194	873	1003	40
195	786	1004	40
196	937	1006	41
197	532	1006	41
198	868	1003	41
199	887	1007	41
200	772	1001	41
201	412	1007	42
202	106	1001	42
203	57	1008	42
204	988	1001	42
205	302	1000	42
206	327	1006	43
207	215	1001	43
208	714	1001	43
209	650	1000	43
210	344	1002	43
211	115	1005	44
212	490	1000	44
213	185	1007	44
214	690	1004	44
215	617	1006	44
216	155	1007	45
217	210	1001	45
218	583	1009	45
219	332	1005	45
220	982	1000	45
221	115	1007	46
222	465	1002	46
223	527	1009	46
224	702	1009	46
225	426	1007	46
226	110	1002	47
227	392	1002	47
228	597	1009	47
229	814	1002	47
230	454	1002	47
231	886	1009	48
232	274	1003	48
233	169	1003	48
234	723	1009	48
235	901	1004	48
236	321	1009	49
237	286	1005	49
238	183	1001	49
239	875	1005	49
240	713	1006	49
241	583	1006	50
242	576	1002	50
243	291	1004	50
244	934	1005	50
245	819	1006	50
246	380	1003	51
247	898	1002	51
248	996	1001	51
249	445	1005	51
250	111	1002	51
251	789	1003	52
252	875	1002	52
253	758	1006	52
254	368	1005	52
255	85	1004	52
256	696	1002	53
257	606	1001	53
258	899	1003	53
259	222	1006	53
260	507	1008	53
261	600	1006	54
262	769	1003	54
263	394	1008	54
264	666	1000	54
265	340	1001	54
266	496	1001	55
267	56	1009	55
268	53	1007	55
269	600	1009	55
270	436	1008	55
271	990	1009	56
272	557	1009	56
273	480	1007	56
274	191	1009	56
275	599	1009	56
276	959	1007	57
277	581	1003	57
278	880	1004	57
279	439	1006	57
280	428	1001	57
281	74	1002	58
282	749	1005	58
283	880	1006	58
284	629	1006	58
285	702	1009	58
286	722	1004	59
287	222	1007	59
288	716	1006	59
289	145	1009	59
290	636	1000	59
291	559	1008	60
292	991	1000	60
293	161	1005	60
294	440	1002	60
295	759	1006	60
296	245	1007	61
297	292	1000	61
298	526	1009	61
299	441	1006	61
300	487	1009	61
301	183	1000	62
302	517	1003	62
303	170	1002	62
304	156	1003	62
305	829	1000	62
306	303	1005	63
307	465	1008	63
308	482	1009	63
309	259	1001	63
310	690	1005	63
311	867	1004	64
312	122	1006	64
313	175	1007	64
314	210	1004	64
315	217	1008	64
316	323	1003	65
317	168	1000	65
318	88	1009	65
319	669	1001	65
320	206	1002	65
321	749	1008	66
322	558	1007	66
323	670	1009	66
324	159	1000	66
325	74	1002	66
326	581	1009	67
327	51	1000	67
328	869	1005	67
329	997	1001	67
330	23	1000	67
331	667	1004	68
332	215	1008	68
333	267	1003	68
334	81	1009	68
335	814	1006	68
336	40	1001	69
337	392	1004	69
338	87	1000	69
339	479	1003	69
340	167	1000	69
341	667	1009	70
342	34	1005	70
343	714	1003	70
344	204	1003	70
345	365	1005	70
346	710	1000	71
347	555	1004	71
348	114	1005	71
349	8	1000	71
350	576	1001	71
351	766	1004	72
352	578	1005	72
353	724	1000	72
354	88	1004	72
355	328	1001	72
356	802	1009	73
357	16	1008	73
358	531	1000	73
359	393	1002	73
360	888	1007	73
361	350	1000	74
362	741	1004	74
363	314	1006	74
364	333	1008	74
365	955	1003	74
366	188	1007	75
367	715	1004	75
368	593	1004	75
369	934	1008	75
370	683	1003	75
371	94	1009	76
372	888	1003	76
373	268	1005	76
374	954	1004	76
375	429	1002	76
