PROBLEM NAME: 	ttd300_n75_L1_f025-TTP
KNAPSACK DATA TYPE: uncorrelated, similar weights
DIMENSION:	76
NUMBER OF ITEMS: 	375
CAPACITY OF KNAPSACK: 	170628
MIN SPEED: 	0.1
MAX SPEED: 	1
RENTING RATIO: 	50.00
EDGE_WEIGHT_TYPE:	CEIL_2D
DRONE ENDURANCE: 	94
NODE_COORD_SECTION	(INDEX, X, Y): 
1	226	218
2	164	158
3	54	15
4	190	191
5	74	31
6	212	284
7	265	29
8	62	253
9	294	295
10	102	113
11	16	230
12	254	78
13	12	102
14	154	46
15	290	204
16	48	171
17	194	236
18	299	154
19	119	32
20	88	239
21	48	92
22	51	223
23	146	85
24	276	299
25	27	135
26	83	223
27	9	66
28	98	123
29	56	230
30	295	212
31	170	74
32	139	56
33	222	145
34	24	76
35	186	171
36	67	165
37	89	90
38	173	92
39	236	269
40	44	17
41	174	246
42	5	167
43	196	251
44	117	89
45	214	286
46	33	34
47	52	231
48	10	168
49	206	197
50	179	212
51	59	39
52	184	89
53	43	85
54	267	111
55	248	249
56	213	164
57	140	97
58	102	93
59	279	122
60	150	291
61	100	83
62	298	169
63	49	151
64	297	213
65	280	289
66	44	157
67	246	120
68	41	59
69	78	248
70	150	300
71	103	38
72	139	245
73	239	140
74	195	268
75	62	295
76	217	236
ITEMS SECTION	(INDEX, PROFIT, WEIGHT, ASSIGNED NODE NUMBER): 
1	315	1007	2
2	605	1008	2
3	418	1002	2
4	243	1004	2
5	257	1004	2
6	412	1003	3
7	433	1003	3
8	764	1006	3
9	554	1009	3
10	465	1006	3
11	537	1004	4
12	803	1000	4
13	275	1000	4
14	461	1006	4
15	139	1003	4
16	494	1002	5
17	713	1007	5
18	944	1000	5
19	167	1002	5
20	330	1008	5
21	251	1007	6
22	746	1003	6
23	472	1004	6
24	222	1008	6
25	232	1005	6
26	492	1007	7
27	334	1000	7
28	86	1005	7
29	260	1001	7
30	124	1002	7
31	896	1002	8
32	325	1007	8
33	460	1001	8
34	507	1000	8
35	30	1008	8
36	413	1000	9
37	183	1005	9
38	933	1005	9
39	901	1000	9
40	521	1003	9
41	120	1002	10
42	592	1000	10
43	136	1007	10
44	683	1008	10
45	257	1001	10
46	557	1009	11
47	412	1000	11
48	795	1007	11
49	176	1000	11
50	678	1009	11
51	447	1003	12
52	493	1003	12
53	273	1001	12
54	431	1005	12
55	62	1003	12
56	477	1001	13
57	244	1003	13
58	167	1003	13
59	387	1007	13
60	286	1001	13
61	516	1004	14
62	104	1001	14
63	827	1007	14
64	996	1007	14
65	95	1008	14
66	294	1005	15
67	90	1000	15
68	877	1002	15
69	466	1003	15
70	144	1008	15
71	253	1002	16
72	144	1003	16
73	54	1009	16
74	369	1001	16
75	743	1006	16
76	19	1006	17
77	163	1005	17
78	26	1006	17
79	170	1009	17
80	767	1001	17
81	785	1000	18
82	663	1000	18
83	554	1004	18
84	686	1005	18
85	444	1006	18
86	589	1006	19
87	777	1000	19
88	911	1001	19
89	197	1001	19
90	858	1008	19
91	384	1008	20
92	624	1000	20
93	369	1002	20
94	235	1006	20
95	449	1006	20
96	386	1003	21
97	714	1007	21
98	631	1005	21
99	316	1006	21
100	234	1008	21
101	642	1001	22
102	248	1009	22
103	146	1000	22
104	905	1003	22
105	690	1008	22
106	208	1006	23
107	653	1000	23
108	890	1009	23
109	693	1002	23
110	635	1002	23
111	367	1000	24
112	95	1006	24
113	226	1005	24
114	431	1002	24
115	401	1004	24
116	91	1003	25
117	171	1004	25
118	259	1009	25
119	955	1006	25
120	828	1003	25
121	157	1008	26
122	732	1005	26
123	577	1006	26
124	470	1005	26
125	806	1008	26
126	693	1009	27
127	869	1000	27
128	308	1008	27
129	688	1005	27
130	306	1001	27
131	915	1007	28
132	461	1009	28
133	363	1002	28
134	597	1009	28
135	323	1004	28
136	617	1005	29
137	461	1000	29
138	484	1009	29
139	419	1002	29
140	534	1008	29
141	464	1003	30
142	537	1005	30
143	276	1007	30
144	599	1005	30
145	103	1008	30
146	761	1001	31
147	763	1007	31
148	80	1001	31
149	857	1001	31
150	531	1002	31
151	72	1009	32
152	409	1007	32
153	340	1005	32
154	927	1005	32
155	830	1009	32
156	115	1001	33
157	909	1008	33
158	534	1002	33
159	974	1000	33
160	620	1000	33
161	184	1004	34
162	124	1002	34
163	921	1002	34
164	643	1005	34
165	690	1001	34
166	719	1005	35
167	104	1006	35
168	810	1004	35
169	774	1009	35
170	884	1001	35
171	355	1008	36
172	475	1002	36
173	908	1005	36
174	938	1004	36
175	201	1001	36
176	289	1008	37
177	178	1002	37
178	849	1001	37
179	917	1003	37
180	241	1007	37
181	154	1008	38
182	740	1009	38
183	827	1002	38
184	805	1002	38
185	941	1005	38
186	415	1009	39
187	62	1006	39
188	353	1003	39
189	879	1009	39
190	428	1001	39
191	772	1006	40
192	316	1006	40
193	113	1004	40
194	776	1009	40
195	393	1007	40
196	849	1000	41
197	120	1000	41
198	230	1001	41
199	687	1002	41
200	308	1004	41
201	533	1005	42
202	214	1002	42
203	666	1007	42
204	690	1003	42
205	67	1007	42
206	386	1006	43
207	547	1003	43
208	352	1005	43
209	317	1009	43
210	127	1003	43
211	181	1006	44
212	670	1008	44
213	680	1007	44
214	466	1002	44
215	868	1004	44
216	624	1009	45
217	984	1007	45
218	29	1007	45
219	430	1002	45
220	795	1000	45
221	871	1004	46
222	233	1004	46
223	699	1000	46
224	37	1007	46
225	798	1007	46
226	324	1006	47
227	779	1005	47
228	901	1003	47
229	166	1009	47
230	567	1007	47
231	695	1004	48
232	99	1001	48
233	285	1000	48
234	496	1003	48
235	927	1002	48
236	151	1003	49
237	228	1003	49
238	297	1007	49
239	481	1006	49
240	940	1006	49
241	223	1005	50
242	286	1009	50
243	516	1002	50
244	42	1009	50
245	671	1007	50
246	229	1003	51
247	100	1000	51
248	891	1008	51
249	495	1007	51
250	229	1000	51
251	887	1005	52
252	656	1000	52
253	762	1008	52
254	319	1007	52
255	339	1004	52
256	8	1002	53
257	680	1006	53
258	121	1004	53
259	554	1008	53
260	708	1004	53
261	278	1006	54
262	775	1004	54
263	681	1003	54
264	108	1008	54
265	664	1001	54
266	682	1003	55
267	114	1006	55
268	337	1003	55
269	477	1005	55
270	709	1005	55
271	380	1000	56
272	121	1006	56
273	19	1001	56
274	458	1006	56
275	390	1004	56
276	224	1008	57
277	742	1007	57
278	683	1006	57
279	359	1004	57
280	594	1006	57
281	82	1008	58
282	25	1005	58
283	246	1004	58
284	613	1009	58
285	422	1003	58
286	228	1007	59
287	343	1006	59
288	221	1003	59
289	285	1007	59
290	215	1003	59
291	317	1004	60
292	135	1002	60
293	752	1002	60
294	705	1005	60
295	399	1004	60
296	200	1004	61
297	230	1004	61
298	797	1006	61
299	840	1005	61
300	569	1007	61
301	472	1003	62
302	463	1007	62
303	435	1003	62
304	206	1006	62
305	559	1009	62
306	471	1009	63
307	32	1009	63
308	458	1005	63
309	789	1002	63
310	24	1002	63
311	881	1007	64
312	548	1005	64
313	785	1006	64
314	897	1001	64
315	447	1007	64
316	642	1004	65
317	556	1001	65
318	669	1006	65
319	465	1006	65
320	927	1008	65
321	785	1000	66
322	808	1006	66
323	861	1000	66
324	371	1006	66
325	181	1001	66
326	121	1003	67
327	74	1005	67
328	329	1005	67
329	681	1001	67
330	335	1007	67
331	685	1006	68
332	263	1002	68
333	483	1005	68
334	232	1004	68
335	244	1008	68
336	149	1005	69
337	351	1008	69
338	607	1000	69
339	268	1001	69
340	71	1008	69
341	705	1001	70
342	855	1008	70
343	483	1005	70
344	957	1000	70
345	863	1000	70
346	302	1008	71
347	60	1008	71
348	91	1009	71
349	351	1000	71
350	864	1005	71
351	650	1005	72
352	512	1005	72
353	234	1004	72
354	976	1003	72
355	67	1009	72
356	213	1004	73
357	899	1007	73
358	210	1005	73
359	164	1005	73
360	939	1005	73
361	423	1009	74
362	426	1007	74
363	159	1000	74
364	119	1007	74
365	242	1008	74
366	596	1000	75
367	928	1002	75
368	979	1009	75
369	90	1007	75
370	207	1009	75
371	218	1009	76
372	726	1003	76
373	383	1004	76
374	350	1006	76
375	591	1009	76
