PROBLEM NAME: 	bench_100_5-TTP
KNAPSACK DATA TYPE: uncorrelated, similar weights
DIMENSION:	101
NUMBER OF ITEMS: 	500
CAPACITY OF KNAPSACK: 	227504
MIN SPEED: 	0.1
MAX SPEED: 	1
RENTING RATIO: 	72.70
EDGE_WEIGHT_TYPE:	CEIL_2D
NODE_COORD_SECTION	(INDEX, X, Y): 
1	288	149
2	288	129
3	270	133
4	256	141
5	246	157
6	236	169
7	228	169
8	196	169
9	188	145
10	164	145
11	124	169
12	80	157
13	64	157
14	56	161
15	56	153
16	40	121
17	40	145
18	40	153
19	40	161
20	32	161
21	32	145
22	32	137
23	32	121
24	40	113
25	16	97
26	8	109
27	8	73
28	16	57
29	8	41
30	24	45
31	32	41
32	32	49
33	32	57
34	32	65
35	40	83
36	40	63
37	44	27
38	32	25
39	24	25
40	16	25
41	32	17
42	56	9
43	64	41
44	56	49
45	48	51
46	48	63
47	56	81
48	56	89
49	104	121
50	104	145
51	132	145
52	132	137
53	156	137
54	180	85
55	180	69
56	172	53
57	148	85
58	124	93
59	124	125
60	124	101
61	104	65
62	104	49
63	104	41
64	104	57
65	132	81
66	132	61
67	124	53
68	124	45
69	124	29
70	162	9
71	156	25
72	180	29
73	180	45
74	180	37
75	220	73
76	236	69
77	236	61
78	228	61
79	228	21
80	260	37
81	260	45
82	260	53
83	260	77
84	276	61
85	284	61
86	284	85
87	284	93
88	288	109
89	276	101
90	252	101
91	260	93
92	260	85
93	236	101
94	220	125
95	180	101
96	180	125
97	212	145
98	228	145
99	236	145
100	246	141
101	252	125
ITEMS SECTION	(INDEX, PROFIT, WEIGHT, ASSIGNED NODE NUMBER): 
1	1	1008	2
2	375	1009	2
3	283	1005	2
4	868	1000	2
5	274	1007	2
6	896	1006	3
7	875	1004	3
8	434	1001	3
9	203	1006	3
10	64	1009	3
11	367	1006	4
12	299	1006	4
13	930	1002	4
14	533	1002	4
15	268	1002	4
16	613	1006	5
17	215	1005	5
18	123	1007	5
19	451	1002	5
20	83	1003	5
21	874	1001	6
22	435	1000	6
23	862	1005	6
24	155	1004	6
25	863	1008	6
26	122	1009	7
27	648	1002	7
28	530	1003	7
29	302	1008	7
30	426	1005	7
31	325	1009	8
32	901	1001	8
33	343	1008	8
34	239	1005	8
35	263	1003	8
36	123	1000	9
37	766	1009	9
38	227	1001	9
39	940	1004	9
40	411	1006	9
41	305	1007	10
42	494	1008	10
43	32	1009	10
44	155	1002	10
45	820	1004	10
46	475	1006	11
47	343	1007	11
48	970	1009	11
49	807	1000	11
50	366	1004	11
51	240	1004	12
52	986	1002	12
53	41	1009	12
54	544	1003	12
55	808	1001	12
56	248	1005	13
57	888	1001	13
58	380	1001	13
59	990	1008	13
60	743	1007	13
61	613	1007	14
62	176	1001	14
63	656	1007	14
64	69	1009	14
65	227	1002	14
66	881	1004	15
67	919	1002	15
68	612	1009	15
69	4	1009	15
70	763	1002	15
71	824	1000	16
72	319	1002	16
73	474	1000	16
74	72	1000	16
75	963	1002	16
76	722	1006	17
77	105	1008	17
78	582	1000	17
79	94	1003	17
80	998	1008	17
81	775	1001	18
82	153	1007	18
83	369	1008	18
84	979	1009	18
85	637	1005	18
86	371	1006	19
87	140	1001	19
88	597	1006	19
89	246	1003	19
90	261	1008	19
91	204	1008	20
92	319	1009	20
93	715	1007	20
94	496	1000	20
95	564	1008	20
96	226	1006	21
97	642	1000	21
98	652	1007	21
99	434	1009	21
100	473	1001	21
101	226	1002	22
102	696	1003	22
103	266	1009	22
104	755	1003	22
105	234	1000	22
106	537	1006	23
107	250	1008	23
108	146	1007	23
109	971	1004	23
110	321	1000	23
111	959	1005	24
112	372	1004	24
113	310	1007	24
114	773	1006	24
115	6	1002	24
116	947	1003	25
117	430	1006	25
118	702	1004	25
119	681	1006	25
120	76	1007	25
121	937	1009	26
122	696	1003	26
123	920	1005	26
124	996	1004	26
125	752	1006	26
126	459	1009	27
127	652	1009	27
128	462	1005	27
129	654	1007	27
130	104	1001	27
131	111	1009	28
132	546	1005	28
133	487	1006	28
134	568	1001	28
135	835	1002	28
136	6	1001	29
137	313	1005	29
138	735	1000	29
139	641	1004	29
140	194	1001	29
141	155	1009	30
142	89	1000	30
143	869	1000	30
144	879	1005	30
145	114	1007	30
146	723	1008	31
147	283	1006	31
148	454	1006	31
149	456	1009	31
150	898	1001	31
151	723	1009	32
152	917	1000	32
153	570	1009	32
154	888	1007	32
155	697	1003	32
156	667	1004	33
157	806	1009	33
158	290	1006	33
159	744	1006	33
160	356	1001	33
161	829	1007	34
162	912	1001	34
163	683	1000	34
164	702	1008	34
165	773	1008	34
166	370	1006	35
167	758	1000	35
168	842	1006	35
169	656	1000	35
170	659	1003	35
171	173	1002	36
172	646	1007	36
173	911	1004	36
174	306	1007	36
175	851	1001	36
176	689	1007	37
177	228	1001	37
178	852	1006	37
179	855	1003	37
180	37	1004	37
181	933	1005	38
182	131	1008	38
183	742	1005	38
184	347	1003	38
185	652	1008	38
186	809	1002	39
187	699	1007	39
188	446	1002	39
189	350	1003	39
190	205	1005	39
191	587	1002	40
192	386	1000	40
193	142	1003	40
194	581	1004	40
195	132	1007	40
196	356	1004	41
197	371	1009	41
198	843	1005	41
199	556	1001	41
200	29	1006	41
201	862	1009	42
202	495	1007	42
203	666	1004	42
204	861	1004	42
205	300	1006	42
206	62	1001	43
207	176	1008	43
208	859	1000	43
209	363	1001	43
210	280	1004	43
211	913	1009	44
212	167	1002	44
213	62	1000	44
214	280	1007	44
215	314	1000	44
216	267	1006	45
217	550	1007	45
218	978	1002	45
219	955	1008	45
220	560	1009	45
221	174	1003	46
222	892	1005	46
223	304	1007	46
224	729	1000	46
225	572	1002	46
226	56	1008	47
227	988	1006	47
228	326	1001	47
229	120	1007	47
230	12	1008	47
231	551	1004	48
232	123	1005	48
233	226	1007	48
234	721	1002	48
235	970	1002	48
236	684	1005	49
237	163	1007	49
238	693	1004	49
239	688	1003	49
240	975	1003	49
241	330	1003	50
242	74	1002	50
243	120	1004	50
244	42	1007	50
245	881	1007	50
246	445	1005	51
247	741	1002	51
248	867	1009	51
249	552	1009	51
250	183	1001	51
251	619	1009	52
252	541	1007	52
253	793	1007	52
254	272	1004	52
255	414	1005	52
256	658	1006	53
257	131	1009	53
258	643	1004	53
259	113	1006	53
260	382	1005	53
261	751	1002	54
262	815	1001	54
263	870	1004	54
264	913	1005	54
265	729	1008	54
266	603	1001	55
267	709	1006	55
268	54	1007	55
269	882	1000	55
270	401	1009	55
271	308	1000	56
272	286	1009	56
273	296	1000	56
274	502	1004	56
275	119	1002	56
276	444	1007	57
277	843	1007	57
278	281	1004	57
279	492	1003	57
280	94	1001	57
281	413	1000	58
282	524	1002	58
283	277	1009	58
284	97	1002	58
285	210	1006	58
286	321	1003	59
287	841	1007	59
288	866	1009	59
289	6	1002	59
290	720	1007	59
291	797	1004	60
292	427	1009	60
293	29	1005	60
294	401	1004	60
295	307	1007	60
296	892	1004	61
297	547	1006	61
298	273	1009	61
299	344	1001	61
300	766	1001	61
301	76	1004	62
302	638	1009	62
303	391	1007	62
304	280	1007	62
305	705	1003	62
306	22	1008	63
307	590	1003	63
308	611	1006	63
309	466	1009	63
310	618	1005	63
311	662	1000	64
312	723	1002	64
313	685	1000	64
314	192	1002	64
315	551	1007	64
316	554	1002	65
317	859	1006	65
318	739	1000	65
319	910	1007	65
320	382	1001	65
321	685	1009	66
322	535	1007	66
323	110	1003	66
324	184	1001	66
325	68	1000	66
326	77	1006	67
327	364	1005	67
328	922	1003	67
329	490	1004	67
330	733	1003	67
331	264	1001	68
332	315	1004	68
333	114	1003	68
334	229	1008	68
335	226	1009	68
336	961	1004	69
337	80	1008	69
338	120	1003	69
339	568	1009	69
340	804	1009	69
341	554	1008	70
342	672	1004	70
343	101	1009	70
344	364	1006	70
345	552	1008	70
346	62	1006	71
347	582	1005	71
348	579	1008	71
349	622	1006	71
350	377	1005	71
351	37	1004	72
352	355	1007	72
353	81	1000	72
354	731	1004	72
355	376	1002	72
356	67	1005	73
357	108	1000	73
358	860	1002	73
359	172	1003	73
360	570	1005	73
361	763	1003	74
362	153	1001	74
363	753	1004	74
364	350	1009	74
365	909	1004	74
366	326	1001	75
367	972	1003	75
368	564	1006	75
369	221	1007	75
370	303	1005	75
371	59	1001	76
372	469	1008	76
373	866	1002	76
374	98	1003	76
375	151	1005	76
376	352	1001	77
377	20	1005	77
378	780	1002	77
379	493	1009	77
380	18	1006	77
381	678	1006	78
382	770	1008	78
383	779	1004	78
384	34	1006	78
385	105	1005	78
386	412	1009	79
387	493	1009	79
388	375	1008	79
389	383	1005	79
390	861	1006	79
391	120	1005	80
392	349	1008	80
393	694	1006	80
394	778	1003	80
395	742	1001	80
396	870	1007	81
397	219	1007	81
398	210	1009	81
399	883	1000	81
400	580	1005	81
401	808	1001	82
402	781	1005	82
403	187	1006	82
404	282	1009	82
405	124	1007	82
406	810	1005	83
407	245	1007	83
408	321	1002	83
409	73	1001	83
410	671	1004	83
411	209	1006	84
412	108	1000	84
413	272	1003	84
414	979	1006	84
415	696	1003	84
416	895	1006	85
417	941	1000	85
418	992	1008	85
419	769	1009	85
420	755	1002	85
421	588	1007	86
422	270	1004	86
423	980	1008	86
424	331	1003	86
425	159	1007	86
426	719	1008	87
427	856	1002	87
428	672	1001	87
429	339	1003	87
430	285	1007	87
431	341	1006	88
432	681	1000	88
433	618	1006	88
434	485	1006	88
435	134	1006	88
436	859	1008	89
437	71	1002	89
438	553	1006	89
439	540	1006	89
440	597	1008	89
441	780	1008	90
442	621	1005	90
443	7	1006	90
444	977	1005	90
445	418	1007	90
446	496	1005	91
447	881	1003	91
448	480	1006	91
449	815	1002	91
450	59	1000	91
451	1	1005	92
452	944	1000	92
453	987	1006	92
454	745	1009	92
455	443	1008	92
456	142	1007	93
457	823	1009	93
458	398	1006	93
459	99	1000	93
460	72	1008	93
461	780	1002	94
462	879	1001	94
463	860	1009	94
464	279	1005	94
465	613	1001	94
466	551	1003	95
467	339	1004	95
468	380	1001	95
469	190	1007	95
470	277	1008	95
471	679	1004	96
472	478	1005	96
473	120	1007	96
474	418	1004	96
475	612	1001	96
476	654	1009	97
477	373	1001	97
478	979	1005	97
479	182	1000	97
480	65	1006	97
481	549	1000	98
482	452	1004	98
483	264	1002	98
484	422	1001	98
485	517	1000	98
486	260	1000	99
487	495	1002	99
488	425	1006	99
489	143	1008	99
490	882	1007	99
491	112	1005	100
492	233	1002	100
493	673	1009	100
494	563	1006	100
495	755	1002	100
496	450	1000	101
497	388	1000	101
498	739	1003	101
499	731	1001	101
500	486	1009	101
