PROBLEM NAME: 	bench_100_4-TTP
KNAPSACK DATA TYPE: uncorrelated, similar weights
DIMENSION:	101
NUMBER OF ITEMS: 	500
CAPACITY OF KNAPSACK: 	227504
MIN SPEED: 	0.1
MAX SPEED: 	1
RENTING RATIO: 	72.70
EDGE_WEIGHT_TYPE:	CEIL_2D
NODE_COORD_SECTION	(INDEX, X, Y): 
1	288	149
2	270	133
3	204	169
4	196	169
5	196	161
6	156	145
7	148	169
8	172	169
9	104	169
10	64	165
11	56	153
12	56	121
13	40	145
14	40	153
15	40	161
16	32	169
17	32	161
18	32	153
19	32	145
20	32	129
21	56	105
22	32	89
23	16	109
24	8	81
25	8	73
26	8	57
27	16	57
28	8	41
29	32	41
30	32	49
31	32	73
32	40	83
33	40	63
34	40	51
35	44	43
36	32	25
37	24	17
38	56	17
39	72	49
40	56	57
41	56	65
42	48	63
43	48	73
44	56	73
45	56	81
46	56	89
47	104	105
48	104	121
49	104	129
50	148	137
51	156	137
52	172	125
53	172	117
54	172	109
55	172	93
56	180	77
57	180	69
58	180	61
59	172	77
60	148	85
61	124	93
62	124	117
63	104	89
64	104	41
65	104	33
66	104	25
67	80	9
68	80	41
69	88	49
70	124	61
71	124	53
72	132	21
73	128	9
74	136	9
75	172	29
76	204	57
77	220	73
78	228	69
79	228	77
80	236	61
81	228	37
82	236	37
83	236	29
84	228	29
85	252	21
86	260	29
87	260	53
88	276	69
89	284	53
90	284	85
91	276	85
92	268	97
93	252	101
94	228	93
95	236	93
96	236	101
97	228	109
98	228	145
99	236	145
100	260	129
101	280	133
ITEMS SECTION	(INDEX, PROFIT, WEIGHT, ASSIGNED NODE NUMBER): 
1	896	1006	2
2	875	1004	2
3	434	1001	2
4	203	1006	2
5	64	1009	2
6	589	1004	3
7	32	1000	3
8	823	1002	3
9	160	1004	3
10	883	1005	3
11	325	1009	4
12	901	1001	4
13	343	1008	4
14	239	1005	4
15	263	1003	4
16	776	1005	5
17	494	1001	5
18	883	1009	5
19	673	1001	5
20	564	1008	5
21	47	1006	6
22	147	1000	6
23	126	1005	6
24	488	1006	6
25	737	1003	6
26	247	1009	7
27	219	1006	7
28	361	1006	7
29	871	1005	7
30	600	1007	7
31	100	1007	8
32	340	1005	8
33	503	1007	8
34	102	1000	8
35	172	1006	8
36	751	1008	9
37	897	1003	9
38	137	1008	9
39	756	1005	9
40	376	1000	9
41	768	1000	10
42	759	1005	10
43	222	1005	10
44	311	1005	10
45	279	1000	10
46	881	1004	11
47	919	1002	11
48	612	1009	11
49	4	1009	11
50	763	1002	11
51	157	1009	12
52	716	1004	12
53	652	1001	12
54	634	1003	12
55	222	1001	12
56	722	1006	13
57	105	1008	13
58	582	1000	13
59	94	1003	13
60	998	1008	13
61	775	1001	14
62	153	1007	14
63	369	1008	14
64	979	1009	14
65	637	1005	14
66	371	1006	15
67	140	1001	15
68	597	1006	15
69	246	1003	15
70	261	1008	15
71	885	1008	16
72	692	1003	16
73	360	1008	16
74	107	1008	16
75	940	1009	16
76	204	1008	17
77	319	1009	17
78	715	1007	17
79	496	1000	17
80	564	1008	17
81	594	1008	18
82	560	1000	18
83	980	1005	18
84	681	1000	18
85	918	1005	18
86	226	1006	19
87	642	1000	19
88	652	1007	19
89	434	1009	19
90	473	1001	19
91	921	1000	20
92	258	1007	20
93	236	1000	20
94	306	1004	20
95	786	1003	20
96	709	1006	21
97	856	1002	21
98	950	1001	21
99	302	1000	21
100	223	1009	21
101	922	1004	22
102	819	1003	22
103	530	1004	22
104	167	1005	22
105	333	1008	22
106	861	1009	23
107	598	1001	23
108	835	1001	23
109	850	1005	23
110	26	1001	23
111	636	1001	24
112	52	1008	24
113	972	1007	24
114	662	1007	24
115	6	1008	24
116	459	1009	25
117	652	1009	25
118	462	1005	25
119	654	1007	25
120	104	1001	25
121	141	1005	26
122	91	1007	26
123	5	1008	26
124	916	1007	26
125	388	1005	26
126	111	1009	27
127	546	1005	27
128	487	1006	27
129	568	1001	27
130	835	1002	27
131	6	1001	28
132	313	1005	28
133	735	1000	28
134	641	1004	28
135	194	1001	28
136	723	1008	29
137	283	1006	29
138	454	1006	29
139	456	1009	29
140	898	1001	29
141	723	1009	30
142	917	1000	30
143	570	1009	30
144	888	1007	30
145	697	1003	30
146	487	1004	31
147	511	1002	31
148	193	1004	31
149	511	1000	31
150	723	1007	31
151	370	1006	32
152	758	1000	32
153	842	1006	32
154	656	1000	32
155	659	1003	32
156	173	1002	33
157	646	1007	33
158	911	1004	33
159	306	1007	33
160	851	1001	33
161	56	1000	34
162	114	1008	34
163	31	1004	34
164	346	1008	34
165	447	1008	34
166	977	1005	35
167	5	1007	35
168	40	1002	35
169	841	1007	35
170	484	1006	35
171	933	1005	36
172	131	1008	36
173	742	1005	36
174	347	1003	36
175	652	1008	36
176	466	1000	37
177	621	1001	37
178	970	1009	37
179	821	1007	37
180	975	1002	37
181	223	1009	38
182	674	1004	38
183	456	1006	38
184	253	1004	38
185	494	1005	38
186	152	1008	39
187	325	1004	39
188	423	1004	39
189	549	1005	39
190	585	1007	39
191	249	1003	40
192	457	1006	40
193	288	1005	40
194	560	1002	40
195	657	1000	40
196	187	1009	41
197	478	1005	41
198	96	1001	41
199	772	1006	41
200	481	1003	41
201	174	1003	42
202	892	1005	42
203	304	1007	42
204	729	1000	42
205	572	1002	42
206	939	1001	43
207	942	1008	43
208	6	1005	43
209	576	1006	43
210	810	1003	43
211	519	1004	44
212	991	1007	44
213	587	1002	44
214	505	1008	44
215	324	1008	44
216	56	1008	45
217	988	1006	45
218	326	1001	45
219	120	1007	45
220	12	1008	45
221	551	1004	46
222	123	1005	46
223	226	1007	46
224	721	1002	46
225	970	1002	46
226	753	1008	47
227	186	1006	47
228	927	1003	47
229	343	1001	47
230	417	1000	47
231	684	1005	48
232	163	1007	48
233	693	1004	48
234	688	1003	48
235	975	1003	48
236	830	1004	49
237	119	1002	49
238	819	1000	49
239	928	1006	49
240	496	1004	49
241	896	1005	50
242	143	1006	50
243	605	1003	50
244	718	1004	50
245	115	1007	50
246	658	1006	51
247	131	1009	51
248	643	1004	51
249	113	1006	51
250	382	1005	51
251	806	1008	52
252	574	1004	52
253	220	1008	52
254	779	1000	52
255	790	1009	52
256	800	1002	53
257	229	1005	53
258	746	1006	53
259	494	1007	53
260	511	1000	53
261	612	1002	54
262	275	1005	54
263	925	1007	54
264	208	1006	54
265	201	1000	54
266	300	1008	55
267	661	1007	55
268	291	1003	55
269	841	1006	55
270	536	1007	55
271	126	1001	56
272	699	1002	56
273	285	1001	56
274	435	1002	56
275	202	1004	56
276	603	1001	57
277	709	1006	57
278	54	1007	57
279	882	1000	57
280	401	1009	57
281	665	1000	58
282	458	1003	58
283	56	1005	58
284	292	1008	58
285	667	1006	58
286	863	1005	59
287	743	1007	59
288	315	1003	59
289	871	1008	59
290	215	1008	59
291	444	1007	60
292	843	1007	60
293	281	1004	60
294	492	1003	60
295	94	1001	60
296	413	1000	61
297	524	1002	61
298	277	1009	61
299	97	1002	61
300	210	1006	61
301	981	1003	62
302	491	1009	62
303	106	1009	62
304	60	1000	62
305	667	1000	62
306	507	1008	63
307	893	1001	63
308	621	1004	63
309	74	1008	63
310	63	1000	63
311	22	1008	64
312	590	1003	64
313	611	1006	64
314	466	1009	64
315	618	1005	64
316	643	1003	65
317	90	1008	65
318	889	1008	65
319	248	1005	65
320	885	1007	65
321	866	1004	66
322	506	1002	66
323	13	1002	66
324	806	1000	66
325	655	1000	66
326	243	1000	67
327	920	1004	67
328	995	1002	67
329	22	1000	67
330	718	1008	67
331	654	1007	68
332	491	1005	68
333	692	1005	68
334	995	1004	68
335	636	1001	68
336	129	1006	69
337	263	1001	69
338	935	1008	69
339	358	1009	69
340	443	1001	69
341	470	1009	70
342	156	1007	70
343	324	1001	70
344	480	1002	70
345	656	1000	70
346	77	1006	71
347	364	1005	71
348	922	1003	71
349	490	1004	71
350	733	1003	71
351	55	1001	72
352	17	1004	72
353	855	1006	72
354	811	1002	72
355	566	1004	72
356	921	1009	73
357	675	1009	73
358	285	1009	73
359	420	1002	73
360	366	1003	73
361	809	1009	74
362	336	1005	74
363	724	1002	74
364	139	1001	74
365	269	1007	74
366	910	1002	75
367	547	1002	75
368	277	1002	75
369	39	1001	75
370	51	1004	75
371	814	1007	76
372	654	1007	76
373	211	1009	76
374	446	1005	76
375	165	1000	76
376	326	1001	77
377	972	1003	77
378	564	1006	77
379	221	1007	77
380	303	1005	77
381	41	1007	78
382	585	1003	78
383	918	1000	78
384	935	1004	78
385	550	1004	78
386	909	1001	79
387	229	1000	79
388	791	1000	79
389	223	1007	79
390	942	1007	79
391	352	1001	80
392	20	1005	80
393	780	1002	80
394	493	1009	80
395	18	1006	80
396	746	1005	81
397	223	1008	81
398	328	1005	81
399	150	1005	81
400	45	1008	81
401	535	1006	82
402	928	1006	82
403	419	1007	82
404	398	1000	82
405	65	1007	82
406	82	1009	83
407	15	1005	83
408	258	1001	83
409	621	1009	83
410	388	1004	83
411	399	1008	84
412	637	1003	84
413	59	1007	84
414	446	1003	84
415	527	1006	84
416	983	1004	85
417	78	1006	85
418	673	1006	85
419	125	1005	85
420	781	1005	85
421	360	1000	86
422	292	1005	86
423	487	1006	86
424	485	1006	86
425	694	1000	86
426	808	1001	87
427	781	1005	87
428	187	1006	87
429	282	1009	87
430	124	1007	87
431	958	1006	88
432	534	1002	88
433	1000	1003	88
434	502	1008	88
435	456	1009	88
436	359	1002	89
437	146	1002	89
438	222	1002	89
439	823	1004	89
440	271	1009	89
441	588	1007	90
442	270	1004	90
443	980	1008	90
444	331	1003	90
445	159	1007	90
446	760	1001	91
447	53	1001	91
448	112	1005	91
449	190	1000	91
450	329	1008	91
451	135	1002	92
452	895	1007	92
453	206	1006	92
454	755	1002	92
455	194	1008	92
456	780	1008	93
457	621	1005	93
458	7	1006	93
459	977	1005	93
460	418	1007	93
461	437	1004	94
462	869	1003	94
463	997	1007	94
464	766	1002	94
465	920	1008	94
466	164	1003	95
467	645	1008	95
468	501	1004	95
469	958	1004	95
470	168	1003	95
471	142	1007	96
472	823	1009	96
473	398	1006	96
474	99	1000	96
475	72	1008	96
476	265	1008	97
477	467	1009	97
478	141	1001	97
479	861	1002	97
480	842	1003	97
481	549	1000	98
482	452	1004	98
483	264	1002	98
484	422	1001	98
485	517	1000	98
486	260	1000	99
487	495	1002	99
488	425	1006	99
489	143	1008	99
490	882	1007	99
491	925	1005	100
492	41	1000	100
493	150	1001	100
494	488	1006	100
495	485	1008	100
496	240	1000	101
497	573	1008	101
498	45	1008	101
499	678	1008	101
500	721	1000	101
