PROBLEM NAME: 	bench_100_2-TTP
KNAPSACK DATA TYPE: uncorrelated, similar weights
DIMENSION:	101
NUMBER OF ITEMS: 	500
CAPACITY OF KNAPSACK: 	227504
MIN SPEED: 	0.1
MAX SPEED: 	1
RENTING RATIO: 	72.70
EDGE_WEIGHT_TYPE:	CEIL_2D
NODE_COORD_SECTION	(INDEX, X, Y): 
1	288	149
2	228	169
3	188	145
4	148	145
5	104	153
6	64	165
7	56	121
8	40	121
9	40	129
10	40	137
11	40	145
12	40	153
13	32	113
14	56	105
15	48	99
16	32	89
17	8	97
18	8	73
19	24	45
20	32	49
21	32	65
22	32	81
23	40	63
24	44	35
25	44	27
26	24	25
27	16	25
28	56	41
29	56	49
30	56	57
31	48	83
32	56	97
33	104	105
34	104	137
35	116	145
36	124	145
37	132	137
38	140	137
39	148	137
40	156	137
41	164	137
42	172	125
43	172	109
44	172	101
45	172	85
46	180	53
47	172	53
48	172	69
49	124	109
50	104	73
51	104	17
52	72	9
53	64	21
54	72	25
55	80	25
56	88	49
57	124	61
58	124	53
59	124	29
60	132	21
61	124	21
62	120	9
63	136	9
64	148	9
65	162	9
66	180	21
67	180	29
68	172	29
69	180	37
70	196	49
71	204	57
72	212	65
73	228	77
74	228	37
75	236	37
76	236	29
77	228	21
78	236	21
79	260	45
80	260	61
81	260	69
82	260	77
83	276	53
84	284	53
85	284	77
86	284	93
87	284	101
88	280	109
89	276	85
90	260	85
91	236	85
92	228	85
93	228	93
94	236	101
95	228	117
96	228	125
97	212	117
98	204	145
99	220	145
100	228	145
101	260	129
ITEMS SECTION	(INDEX, PROFIT, WEIGHT, ASSIGNED NODE NUMBER): 
1	122	1009	2
2	648	1002	2
3	530	1003	2
4	302	1008	2
5	426	1005	2
6	123	1000	3
7	766	1009	3
8	227	1001	3
9	940	1004	3
10	411	1006	3
11	645	1008	4
12	418	1000	4
13	166	1000	4
14	634	1003	4
15	198	1008	4
16	101	1008	5
17	532	1008	5
18	41	1009	5
19	325	1000	5
20	346	1009	5
21	768	1000	6
22	759	1005	6
23	222	1005	6
24	311	1005	6
25	279	1000	6
26	157	1009	7
27	716	1004	7
28	652	1001	7
29	634	1003	7
30	222	1001	7
31	824	1000	8
32	319	1002	8
33	474	1000	8
34	72	1000	8
35	963	1002	8
36	242	1000	9
37	471	1009	9
38	858	1005	9
39	249	1008	9
40	295	1008	9
41	472	1005	10
42	517	1008	10
43	480	1007	10
44	789	1002	10
45	404	1000	10
46	722	1006	11
47	105	1008	11
48	582	1000	11
49	94	1003	11
50	998	1008	11
51	775	1001	12
52	153	1007	12
53	369	1008	12
54	979	1009	12
55	637	1005	12
56	112	1001	13
57	639	1008	13
58	50	1007	13
59	113	1002	13
60	783	1007	13
61	709	1006	14
62	856	1002	14
63	950	1001	14
64	302	1000	14
65	223	1009	14
66	940	1002	15
67	453	1007	15
68	94	1009	15
69	812	1004	15
70	531	1008	15
71	922	1004	16
72	819	1003	16
73	530	1004	16
74	167	1005	16
75	333	1008	16
76	754	1005	17
77	597	1007	17
78	73	1007	17
79	794	1001	17
80	157	1002	17
81	459	1009	18
82	652	1009	18
83	462	1005	18
84	654	1007	18
85	104	1001	18
86	155	1009	19
87	89	1000	19
88	869	1000	19
89	879	1005	19
90	114	1007	19
91	723	1009	20
92	917	1000	20
93	570	1009	20
94	888	1007	20
95	697	1003	20
96	829	1007	21
97	912	1001	21
98	683	1000	21
99	702	1008	21
100	773	1008	21
101	590	1008	22
102	168	1003	22
103	374	1007	22
104	252	1007	22
105	100	1009	22
106	173	1002	23
107	646	1007	23
108	911	1004	23
109	306	1007	23
110	851	1001	23
111	681	1005	24
112	989	1005	24
113	788	1002	24
114	66	1006	24
115	748	1009	24
116	689	1007	25
117	228	1001	25
118	852	1006	25
119	855	1003	25
120	37	1004	25
121	809	1002	26
122	699	1007	26
123	446	1002	26
124	350	1003	26
125	205	1005	26
126	587	1002	27
127	386	1000	27
128	142	1003	27
129	581	1004	27
130	132	1007	27
131	416	1001	28
132	588	1007	28
133	889	1006	28
134	540	1001	28
135	726	1004	28
136	913	1009	29
137	167	1002	29
138	62	1000	29
139	280	1007	29
140	314	1000	29
141	249	1003	30
142	457	1006	30
143	288	1005	30
144	560	1002	30
145	657	1000	30
146	381	1008	31
147	866	1009	31
148	561	1002	31
149	791	1000	31
150	297	1003	31
151	128	1006	32
152	86	1008	32
153	124	1008	32
154	97	1002	32
155	768	1005	32
156	753	1008	33
157	186	1006	33
158	927	1003	33
159	343	1001	33
160	417	1000	33
161	725	1009	34
162	774	1005	34
163	664	1009	34
164	16	1006	34
165	572	1009	34
166	115	1000	35
167	661	1004	35
168	330	1004	35
169	618	1006	35
170	553	1006	35
171	38	1002	36
172	386	1002	36
173	679	1005	36
174	512	1009	36
175	845	1003	36
176	619	1009	37
177	541	1007	37
178	793	1007	37
179	272	1004	37
180	414	1005	37
181	648	1000	38
182	152	1009	38
183	415	1000	38
184	820	1002	38
185	181	1003	38
186	896	1005	39
187	143	1006	39
188	605	1003	39
189	718	1004	39
190	115	1007	39
191	658	1006	40
192	131	1009	40
193	643	1004	40
194	113	1006	40
195	382	1005	40
196	306	1005	41
197	47	1007	41
198	354	1001	41
199	999	1005	41
200	364	1002	41
201	806	1008	42
202	574	1004	42
203	220	1008	42
204	779	1000	42
205	790	1009	42
206	612	1002	43
207	275	1005	43
208	925	1007	43
209	208	1006	43
210	201	1000	43
211	354	1000	44
212	787	1005	44
213	510	1003	44
214	271	1003	44
215	677	1004	44
216	174	1008	45
217	320	1001	45
218	938	1009	45
219	558	1006	45
220	701	1008	45
221	209	1006	46
222	323	1004	46
223	135	1007	46
224	182	1008	46
225	289	1005	46
226	308	1000	47
227	286	1009	47
228	296	1000	47
229	502	1004	47
230	119	1002	47
231	677	1009	48
232	907	1004	48
233	874	1004	48
234	250	1008	48
235	474	1000	48
236	72	1007	49
237	233	1005	49
238	454	1001	49
239	889	1005	49
240	664	1008	49
241	512	1007	50
242	25	1003	50
243	94	1004	50
244	438	1007	50
245	136	1007	50
246	74	1004	51
247	615	1002	51
248	494	1003	51
249	562	1002	51
250	140	1005	51
251	776	1006	52
252	968	1008	52
253	853	1002	52
254	656	1004	52
255	239	1008	52
256	326	1008	53
257	839	1006	53
258	544	1000	53
259	88	1007	53
260	335	1009	53
261	694	1005	54
262	828	1003	54
263	160	1004	54
264	563	1005	54
265	523	1003	54
266	662	1008	55
267	52	1003	55
268	622	1004	55
269	847	1000	55
270	655	1008	55
271	129	1006	56
272	263	1001	56
273	935	1008	56
274	358	1009	56
275	443	1001	56
276	470	1009	57
277	156	1007	57
278	324	1001	57
279	480	1002	57
280	656	1000	57
281	77	1006	58
282	364	1005	58
283	922	1003	58
284	490	1004	58
285	733	1003	58
286	961	1004	59
287	80	1008	59
288	120	1003	59
289	568	1009	59
290	804	1009	59
291	55	1001	60
292	17	1004	60
293	855	1006	60
294	811	1002	60
295	566	1004	60
296	254	1001	61
297	984	1003	61
298	402	1008	61
299	89	1002	61
300	988	1005	61
301	880	1009	62
302	427	1007	62
303	339	1007	62
304	364	1000	62
305	585	1006	62
306	809	1009	63
307	336	1005	63
308	724	1002	63
309	139	1001	63
310	269	1007	63
311	680	1007	64
312	244	1009	64
313	665	1002	64
314	527	1001	64
315	53	1009	64
316	554	1008	65
317	672	1004	65
318	101	1009	65
319	364	1006	65
320	552	1008	65
321	568	1003	66
322	487	1006	66
323	302	1007	66
324	481	1005	66
325	53	1000	66
326	37	1004	67
327	355	1007	67
328	81	1000	67
329	731	1004	67
330	376	1002	67
331	910	1002	68
332	547	1002	68
333	277	1002	68
334	39	1001	68
335	51	1004	68
336	763	1003	69
337	153	1001	69
338	753	1004	69
339	350	1009	69
340	909	1004	69
341	681	1001	70
342	786	1004	70
343	298	1001	70
344	687	1008	70
345	544	1008	70
346	814	1007	71
347	654	1007	71
348	211	1009	71
349	446	1005	71
350	165	1000	71
351	514	1006	72
352	975	1003	72
353	244	1001	72
354	398	1002	72
355	351	1006	72
356	909	1001	73
357	229	1000	73
358	791	1000	73
359	223	1007	73
360	942	1007	73
361	746	1005	74
362	223	1008	74
363	328	1005	74
364	150	1005	74
365	45	1008	74
366	535	1006	75
367	928	1006	75
368	419	1007	75
369	398	1000	75
370	65	1007	75
371	82	1009	76
372	15	1005	76
373	258	1001	76
374	621	1009	76
375	388	1004	76
376	412	1009	77
377	493	1009	77
378	375	1008	77
379	383	1005	77
380	861	1006	77
381	636	1002	78
382	208	1005	78
383	971	1006	78
384	455	1001	78
385	814	1001	78
386	870	1007	79
387	219	1007	79
388	210	1009	79
389	883	1000	79
390	580	1005	79
391	4	1001	80
392	591	1006	80
393	911	1006	80
394	881	1002	80
395	465	1009	80
396	391	1007	81
397	763	1005	81
398	39	1003	81
399	686	1002	81
400	372	1000	81
401	810	1005	82
402	245	1007	82
403	321	1002	82
404	73	1001	82
405	671	1004	82
406	717	1000	83
407	852	1009	83
408	737	1007	83
409	489	1001	83
410	226	1002	83
411	359	1002	84
412	146	1002	84
413	222	1002	84
414	823	1004	84
415	271	1009	84
416	504	1003	85
417	207	1001	85
418	188	1003	85
419	990	1006	85
420	717	1004	85
421	719	1008	86
422	856	1002	86
423	672	1001	86
424	339	1003	86
425	285	1007	86
426	323	1000	87
427	262	1003	87
428	895	1000	87
429	473	1008	87
430	682	1000	87
431	965	1000	88
432	431	1003	88
433	201	1007	88
434	430	1004	88
435	557	1004	88
436	760	1001	89
437	53	1001	89
438	112	1005	89
439	190	1000	89
440	329	1008	89
441	1	1005	90
442	944	1000	90
443	987	1006	90
444	745	1009	90
445	443	1008	90
446	906	1000	91
447	962	1009	91
448	821	1005	91
449	322	1009	91
450	156	1007	91
451	171	1005	92
452	882	1007	92
453	548	1003	92
454	436	1002	92
455	29	1002	92
456	437	1004	93
457	869	1003	93
458	997	1007	93
459	766	1002	93
460	920	1008	93
461	142	1007	94
462	823	1009	94
463	398	1006	94
464	99	1000	94
465	72	1008	94
466	762	1001	95
467	21	1001	95
468	705	1009	95
469	179	1004	95
470	185	1001	95
471	319	1005	96
472	485	1007	96
473	886	1005	96
474	968	1005	96
475	98	1001	96
476	41	1001	97
477	478	1002	97
478	695	1003	97
479	29	1007	97
480	698	1006	97
481	168	1001	98
482	914	1009	98
483	62	1006	98
484	203	1009	98
485	265	1008	98
486	48	1009	99
487	293	1000	99
488	184	1009	99
489	679	1000	99
490	227	1000	99
491	549	1000	100
492	452	1004	100
493	264	1002	100
494	422	1001	100
495	517	1000	100
496	925	1005	101
497	41	1000	101
498	150	1001	101
499	488	1006	101
500	485	1008	101
