PROBLEM NAME: 	ttd300_n100_L1_f050-TTP
KNAPSACK DATA TYPE: uncorrelated, similar weights
DIMENSION:	101
NUMBER OF ITEMS: 	500
CAPACITY OF KNAPSACK: 	227504
MIN SPEED: 	0.1
MAX SPEED: 	1
RENTING RATIO: 	50.00
EDGE_WEIGHT_TYPE:	CEIL_2D
DRONE ENDURANCE: 	196
NODE_COORD_SECTION	(INDEX, X, Y): 
1	136	81
2	243	97
3	217	236
4	183	295
5	76	286
6	200	0
7	67	153
8	16	147
9	61	77
10	78	262
11	127	38
12	131	112
13	144	95
14	193	56
15	133	59
16	169	275
17	101	53
18	225	82
19	135	185
20	238	164
21	116	215
22	231	263
23	19	134
24	145	107
25	72	45
26	32	168
27	0	22
28	268	294
29	161	152
30	162	8
31	101	187
32	173	223
33	123	241
34	277	5
35	94	0
36	64	41
37	106	31
38	267	189
39	203	168
40	267	156
41	91	63
42	99	98
43	287	290
44	24	157
45	233	197
46	229	291
47	275	265
48	152	211
49	298	69
50	19	250
51	152	263
52	47	260
53	280	270
54	275	172
55	181	153
56	176	223
57	2	263
58	94	223
59	158	183
60	191	238
61	171	208
62	231	199
63	219	177
64	56	110
65	37	35
66	150	174
67	97	49
68	72	142
69	33	168
70	108	98
71	186	40
72	203	143
73	265	192
74	106	252
75	265	181
76	96	300
77	245	278
78	25	22
79	123	59
80	83	178
81	151	75
82	291	219
83	53	121
84	42	179
85	266	292
86	165	28
87	253	226
88	152	173
89	227	116
90	209	73
91	174	196
92	52	240
93	60	3
94	17	263
95	292	221
96	225	243
97	206	185
98	300	99
99	0	177
100	268	80
101	3	37
ITEMS SECTION	(INDEX, PROFIT, WEIGHT, ASSIGNED NODE NUMBER): 
1	682	1002	2
2	507	1007	2
3	130	1004	2
4	824	1004	2
5	229	1006	2
6	649	1004	3
7	535	1007	3
8	462	1000	3
9	842	1007	3
10	793	1004	3
11	893	1002	4
12	896	1009	4
13	406	1008	4
14	667	1004	4
15	242	1003	4
16	160	1002	5
17	811	1007	5
18	8	1003	5
19	766	1007	5
20	639	1001	5
21	458	1000	6
22	87	1008	6
23	404	1003	6
24	488	1006	6
25	72	1003	6
26	50	1006	7
27	599	1000	7
28	998	1002	7
29	816	1002	7
30	822	1001	7
31	378	1003	8
32	672	1003	8
33	306	1003	8
34	264	1004	8
35	813	1002	8
36	113	1001	9
37	56	1005	9
38	794	1002	9
39	558	1002	9
40	35	1008	9
41	194	1009	10
42	914	1003	10
43	768	1006	10
44	187	1000	10
45	363	1008	10
46	285	1001	11
47	566	1005	11
48	131	1002	11
49	381	1009	11
50	377	1007	11
51	531	1002	12
52	331	1004	12
53	372	1007	12
54	791	1002	12
55	961	1007	12
56	803	1003	13
57	954	1004	13
58	758	1005	13
59	52	1006	13
60	660	1000	13
61	915	1007	14
62	972	1007	14
63	197	1009	14
64	215	1009	14
65	392	1009	14
66	960	1009	15
67	338	1003	15
68	897	1005	15
69	283	1004	15
70	68	1003	15
71	925	1001	16
72	986	1007	16
73	179	1003	16
74	397	1007	16
75	310	1001	16
76	770	1008	17
77	261	1004	17
78	210	1005	17
79	171	1008	17
80	825	1000	17
81	644	1003	18
82	483	1004	18
83	820	1000	18
84	343	1007	18
85	885	1009	18
86	903	1006	19
87	14	1009	19
88	116	1001	19
89	145	1005	19
90	426	1007	19
91	787	1004	20
92	543	1009	20
93	789	1001	20
94	497	1007	20
95	528	1006	20
96	91	1001	21
97	759	1007	21
98	585	1008	21
99	74	1004	21
100	740	1001	21
101	426	1000	22
102	6	1008	22
103	369	1003	22
104	46	1002	22
105	45	1001	22
106	998	1006	23
107	180	1009	23
108	593	1008	23
109	304	1009	23
110	529	1000	23
111	964	1001	24
112	954	1003	24
113	639	1009	24
114	168	1006	24
115	449	1005	24
116	88	1003	25
117	210	1005	25
118	955	1008	25
119	261	1007	25
120	891	1005	25
121	991	1006	26
122	684	1005	26
123	858	1007	26
124	210	1003	26
125	389	1008	26
126	600	1004	27
127	667	1004	27
128	184	1008	27
129	795	1009	27
130	31	1004	27
131	861	1008	28
132	163	1001	28
133	818	1009	28
134	21	1002	28
135	777	1003	28
136	433	1001	29
137	769	1004	29
138	409	1001	29
139	463	1002	29
140	992	1004	29
141	103	1003	30
142	542	1004	30
143	266	1002	30
144	487	1004	30
145	775	1007	30
146	794	1004	31
147	160	1007	31
148	8	1001	31
149	264	1001	31
150	51	1002	31
151	426	1000	32
152	752	1003	32
153	666	1006	32
154	872	1000	32
155	798	1003	32
156	141	1009	33
157	904	1002	33
158	886	1007	33
159	60	1002	33
160	554	1001	33
161	916	1009	34
162	164	1000	34
163	229	1003	34
164	43	1007	34
165	981	1001	34
166	608	1005	35
167	203	1004	35
168	284	1004	35
169	403	1009	35
170	466	1005	35
171	152	1006	36
172	479	1000	36
173	21	1003	36
174	259	1009	36
175	120	1001	36
176	131	1005	37
177	610	1007	37
178	136	1006	37
179	594	1002	37
180	344	1000	37
181	736	1001	38
182	760	1001	38
183	985	1009	38
184	843	1001	38
185	885	1006	38
186	315	1003	39
187	97	1002	39
188	640	1006	39
189	278	1003	39
190	996	1002	39
191	215	1004	40
192	294	1004	40
193	5	1000	40
194	803	1002	40
195	450	1008	40
196	234	1007	41
197	519	1001	41
198	524	1003	41
199	579	1005	41
200	440	1007	41
201	17	1005	42
202	926	1004	42
203	186	1005	42
204	830	1002	42
205	788	1000	42
206	78	1008	43
207	266	1001	43
208	112	1005	43
209	75	1005	43
210	258	1002	43
211	682	1000	44
212	282	1009	44
213	607	1007	44
214	57	1000	44
215	566	1002	44
216	499	1005	45
217	609	1006	45
218	949	1008	45
219	547	1006	45
220	704	1004	45
221	508	1009	46
222	390	1008	46
223	427	1004	46
224	346	1009	46
225	679	1007	46
226	809	1002	47
227	481	1001	47
228	941	1005	47
229	615	1007	47
230	53	1004	47
231	13	1007	48
232	72	1009	48
233	504	1006	48
234	498	1000	48
235	857	1006	48
236	789	1000	49
237	489	1006	49
238	736	1009	49
239	540	1008	49
240	8	1006	49
241	793	1001	50
242	66	1004	50
243	225	1005	50
244	520	1007	50
245	163	1006	50
246	573	1004	51
247	147	1003	51
248	798	1003	51
249	511	1004	51
250	903	1001	51
251	686	1005	52
252	837	1000	52
253	548	1001	52
254	585	1003	52
255	463	1005	52
256	847	1005	53
257	609	1004	53
258	142	1003	53
259	609	1009	53
260	369	1001	53
261	24	1008	54
262	248	1004	54
263	607	1008	54
264	888	1000	54
265	319	1006	54
266	613	1002	55
267	554	1005	55
268	675	1006	55
269	491	1004	55
270	12	1006	55
271	408	1007	56
272	794	1009	56
273	407	1002	56
274	410	1009	56
275	752	1001	56
276	614	1004	57
277	872	1005	57
278	270	1007	57
279	265	1008	57
280	961	1007	57
281	425	1005	58
282	40	1000	58
283	732	1001	58
284	465	1004	58
285	267	1001	58
286	807	1001	59
287	911	1009	59
288	894	1007	59
289	292	1009	59
290	988	1005	59
291	416	1002	60
292	344	1002	60
293	607	1003	60
294	241	1004	60
295	757	1007	60
296	790	1002	61
297	882	1009	61
298	659	1000	61
299	644	1007	61
300	450	1005	61
301	113	1000	62
302	517	1000	62
303	953	1007	62
304	559	1006	62
305	524	1001	62
306	613	1008	63
307	605	1004	63
308	195	1002	63
309	913	1005	63
310	931	1009	63
311	403	1008	64
312	937	1009	64
313	229	1002	64
314	27	1006	64
315	204	1001	64
316	652	1002	65
317	518	1002	65
318	587	1000	65
319	187	1007	65
320	596	1003	65
321	685	1001	66
322	522	1006	66
323	620	1001	66
324	141	1008	66
325	357	1003	66
326	478	1004	67
327	262	1001	67
328	963	1007	67
329	376	1008	67
330	191	1007	67
331	732	1000	68
332	966	1006	68
333	914	1004	68
334	440	1004	68
335	375	1000	68
336	407	1007	69
337	759	1005	69
338	544	1008	69
339	860	1008	69
340	1000	1009	69
341	715	1003	70
342	604	1001	70
343	478	1001	70
344	956	1004	70
345	91	1008	70
346	619	1003	71
347	636	1002	71
348	829	1006	71
349	655	1003	71
350	150	1004	71
351	273	1007	72
352	349	1005	72
353	161	1001	72
354	734	1007	72
355	175	1003	72
356	774	1000	73
357	851	1003	73
358	588	1007	73
359	50	1006	73
360	265	1004	73
361	494	1002	74
362	663	1009	74
363	894	1006	74
364	109	1003	74
365	33	1007	74
366	619	1006	75
367	105	1007	75
368	416	1009	75
369	352	1005	75
370	780	1000	75
371	211	1003	76
372	889	1000	76
373	793	1009	76
374	807	1006	76
375	485	1001	76
376	254	1003	77
377	457	1007	77
378	849	1000	77
379	334	1007	77
380	417	1006	77
381	434	1000	78
382	591	1000	78
383	453	1006	78
384	959	1005	78
385	471	1009	78
386	182	1002	79
387	490	1005	79
388	421	1000	79
389	422	1006	79
390	192	1009	79
391	213	1003	80
392	290	1004	80
393	824	1004	80
394	653	1007	80
395	988	1008	80
396	818	1003	81
397	802	1007	81
398	470	1009	81
399	457	1004	81
400	456	1002	81
401	529	1004	82
402	910	1005	82
403	397	1008	82
404	456	1006	82
405	641	1003	82
406	686	1000	83
407	121	1004	83
408	208	1002	83
409	870	1009	83
410	77	1004	83
411	1000	1008	84
412	699	1002	84
413	400	1001	84
414	965	1001	84
415	680	1008	84
416	947	1009	85
417	384	1007	85
418	779	1009	85
419	33	1004	85
420	831	1003	85
421	987	1002	86
422	721	1008	86
423	700	1006	86
424	745	1000	86
425	628	1006	86
426	47	1009	87
427	321	1008	87
428	442	1009	87
429	691	1005	87
430	181	1000	87
431	962	1005	88
432	866	1004	88
433	507	1006	88
434	972	1001	88
435	681	1008	88
436	272	1004	89
437	743	1009	89
438	947	1005	89
439	98	1007	89
440	935	1009	89
441	45	1008	90
442	920	1004	90
443	402	1001	90
444	72	1003	90
445	355	1007	90
446	544	1009	91
447	729	1003	91
448	296	1001	91
449	815	1004	91
450	946	1003	91
451	548	1004	92
452	563	1004	92
453	102	1001	92
454	681	1008	92
455	277	1005	92
456	779	1001	93
457	789	1003	93
458	920	1005	93
459	330	1002	93
460	965	1007	93
461	988	1008	94
462	424	1001	94
463	916	1006	94
464	760	1001	94
465	192	1002	94
466	38	1005	95
467	547	1009	95
468	577	1005	95
469	333	1004	95
470	768	1008	95
471	910	1000	96
472	924	1007	96
473	67	1006	96
474	750	1006	96
475	324	1009	96
476	937	1009	97
477	643	1001	97
478	95	1002	97
479	785	1005	97
480	865	1005	97
481	608	1005	98
482	664	1004	98
483	280	1004	98
484	146	1005	98
485	437	1000	98
486	84	1008	99
487	16	1004	99
488	234	1002	99
489	578	1008	99
490	37	1009	99
491	437	1000	100
492	786	1009	100
493	130	1003	100
494	593	1008	100
495	859	1001	100
496	811	1009	101
497	618	1006	101
498	778	1009	101
499	163	1005	101
500	151	1002	101
