PROBLEM NAME: 	ttd300_n100_L2_f025-TTP
KNAPSACK DATA TYPE: uncorrelated, similar weights
DIMENSION:	101
NUMBER OF ITEMS: 	500
CAPACITY OF KNAPSACK: 	227504
MIN SPEED: 	0.1
MAX SPEED: 	1
RENTING RATIO: 	50.00
EDGE_WEIGHT_TYPE:	CEIL_2D
DRONE ENDURANCE: 	98
NODE_COORD_SECTION	(INDEX, X, Y): 
1	220	158
2	41	112
3	155	85
4	130	77
5	27	30
6	196	29
7	12	134
8	74	292
9	144	6
10	206	195
11	58	291
12	230	44
13	261	127
14	98	204
15	161	234
16	167	62
17	85	28
18	23	247
19	239	251
20	258	133
21	93	9
22	232	181
23	108	261
24	27	106
25	47	128
26	38	55
27	246	244
28	30	84
29	11	290
30	159	145
31	193	213
32	258	191
33	50	284
34	37	280
35	88	120
36	259	252
37	269	292
38	230	54
39	269	293
40	263	110
41	187	235
42	102	288
43	234	180
44	123	154
45	108	160
46	116	282
47	153	178
48	234	194
49	82	261
50	164	261
51	272	77
52	26	86
53	120	15
54	225	269
55	130	192
56	285	153
57	273	251
58	89	29
59	202	212
60	137	145
61	50	263
62	11	279
63	81	155
64	72	220
65	140	178
66	98	28
67	186	269
68	156	299
69	92	117
70	31	103
71	103	126
72	103	213
73	4	236
74	183	223
75	84	192
76	98	263
77	44	224
78	144	267
79	264	172
80	83	219
81	139	244
82	126	75
83	280	9
84	235	256
85	211	170
86	4	254
87	141	119
88	64	199
89	261	144
90	293	168
91	224	183
92	183	166
93	206	104
94	174	118
95	46	208
96	91	92
97	221	80
98	274	64
99	105	275
100	241	223
101	236	102
ITEMS SECTION	(INDEX, PROFIT, WEIGHT, ASSIGNED NODE NUMBER): 
1	131	1005	2
2	359	1009	2
3	141	1005	2
4	488	1008	2
5	557	1008	2
6	745	1008	3
7	355	1001	3
8	218	1003	3
9	743	1005	3
10	973	1005	3
11	298	1005	4
12	62	1001	4
13	67	1001	4
14	321	1002	4
15	633	1004	4
16	218	1008	5
17	288	1003	5
18	188	1002	5
19	337	1000	5
20	515	1009	5
21	349	1003	6
22	982	1001	6
23	381	1003	6
24	534	1001	6
25	400	1006	6
26	178	1003	7
27	222	1008	7
28	115	1003	7
29	875	1009	7
30	29	1007	7
31	419	1001	8
32	374	1008	8
33	846	1001	8
34	981	1006	8
35	982	1002	8
36	258	1002	9
37	916	1006	9
38	366	1006	9
39	309	1006	9
40	10	1002	9
41	515	1003	10
42	668	1003	10
43	71	1003	10
44	389	1004	10
45	127	1007	10
46	879	1009	11
47	19	1007	11
48	692	1009	11
49	522	1005	11
50	937	1003	11
51	659	1000	12
52	182	1007	12
53	329	1004	12
54	211	1008	12
55	892	1002	12
56	984	1008	13
57	205	1007	13
58	504	1002	13
59	696	1007	13
60	410	1001	13
61	720	1005	14
62	578	1000	14
63	510	1007	14
64	615	1001	14
65	570	1003	14
66	302	1008	15
67	509	1006	15
68	796	1001	15
69	84	1001	15
70	561	1006	15
71	266	1006	16
72	937	1008	16
73	508	1002	16
74	278	1007	16
75	289	1005	16
76	207	1000	17
77	448	1002	17
78	96	1000	17
79	976	1005	17
80	138	1005	17
81	799	1002	18
82	250	1004	18
83	445	1006	18
84	829	1006	18
85	4	1004	18
86	109	1002	19
87	161	1000	19
88	715	1005	19
89	730	1005	19
90	747	1006	19
91	255	1001	20
92	700	1006	20
93	865	1001	20
94	88	1007	20
95	946	1008	20
96	894	1002	21
97	871	1005	21
98	615	1004	21
99	500	1006	21
100	291	1004	21
101	201	1007	22
102	189	1001	22
103	106	1002	22
104	113	1005	22
105	426	1004	22
106	309	1002	23
107	627	1008	23
108	219	1002	23
109	973	1003	23
110	205	1001	23
111	192	1000	24
112	4	1005	24
113	958	1007	24
114	744	1000	24
115	495	1005	24
116	13	1002	25
117	671	1008	25
118	534	1004	25
119	296	1000	25
120	357	1004	25
121	629	1004	26
122	562	1005	26
123	584	1005	26
124	900	1005	26
125	456	1004	26
126	205	1001	27
127	156	1000	27
128	926	1009	27
129	472	1000	27
130	941	1004	27
131	42	1004	28
132	512	1002	28
133	463	1003	28
134	319	1004	28
135	472	1009	28
136	21	1001	29
137	434	1000	29
138	981	1003	29
139	778	1007	29
140	440	1000	29
141	733	1007	30
142	124	1007	30
143	620	1006	30
144	579	1001	30
145	607	1006	30
146	207	1003	31
147	651	1004	31
148	771	1009	31
149	493	1007	31
150	681	1005	31
151	734	1004	32
152	951	1001	32
153	217	1009	32
154	931	1008	32
155	514	1006	32
156	932	1008	33
157	547	1001	33
158	809	1000	33
159	860	1006	33
160	111	1000	33
161	910	1000	34
162	747	1009	34
163	858	1006	34
164	485	1005	34
165	848	1007	34
166	391	1008	35
167	455	1005	35
168	758	1009	35
169	300	1000	35
170	88	1002	35
171	866	1003	36
172	238	1000	36
173	624	1009	36
174	400	1003	36
175	726	1001	36
176	1000	1002	37
177	588	1000	37
178	31	1000	37
179	624	1008	37
180	214	1008	37
181	408	1008	38
182	469	1008	38
183	881	1000	38
184	290	1004	38
185	798	1006	38
186	368	1009	39
187	555	1000	39
188	580	1005	39
189	954	1001	39
190	624	1006	39
191	963	1002	40
192	98	1009	40
193	673	1008	40
194	778	1003	40
195	302	1004	40
196	787	1008	41
197	239	1007	41
198	609	1009	41
199	6	1005	41
200	198	1009	41
201	888	1000	42
202	496	1008	42
203	919	1001	42
204	39	1000	42
205	94	1001	42
206	982	1007	43
207	369	1008	43
208	451	1003	43
209	611	1006	43
210	928	1007	43
211	743	1003	44
212	487	1006	44
213	698	1000	44
214	237	1007	44
215	734	1009	44
216	183	1002	45
217	822	1009	45
218	885	1008	45
219	982	1005	45
220	827	1000	45
221	421	1000	46
222	169	1004	46
223	174	1003	46
224	952	1004	46
225	510	1004	46
226	344	1005	47
227	395	1000	47
228	591	1000	47
229	980	1007	47
230	662	1008	47
231	25	1009	48
232	844	1002	48
233	382	1000	48
234	196	1007	48
235	281	1003	48
236	852	1008	49
237	718	1001	49
238	98	1009	49
239	1	1004	49
240	938	1000	49
241	502	1009	50
242	774	1002	50
243	885	1002	50
244	36	1000	50
245	245	1009	50
246	911	1003	51
247	852	1004	51
248	354	1000	51
249	346	1007	51
250	285	1006	51
251	481	1004	52
252	791	1002	52
253	647	1009	52
254	477	1000	52
255	301	1003	52
256	98	1008	53
257	773	1007	53
258	191	1003	53
259	243	1008	53
260	269	1003	53
261	601	1003	54
262	622	1001	54
263	681	1000	54
264	602	1009	54
265	642	1003	54
266	703	1006	55
267	746	1004	55
268	257	1003	55
269	869	1007	55
270	419	1001	55
271	845	1001	56
272	583	1002	56
273	678	1008	56
274	360	1006	56
275	723	1002	56
276	996	1007	57
277	779	1003	57
278	66	1009	57
279	522	1002	57
280	605	1004	57
281	334	1005	58
282	918	1000	58
283	307	1002	58
284	559	1006	58
285	788	1007	58
286	761	1006	59
287	838	1007	59
288	422	1001	59
289	690	1005	59
290	444	1003	59
291	316	1002	60
292	874	1004	60
293	176	1009	60
294	769	1001	60
295	3	1009	60
296	811	1006	61
297	101	1005	61
298	502	1009	61
299	778	1001	61
300	757	1006	61
301	947	1000	62
302	659	1006	62
303	396	1004	62
304	393	1009	62
305	760	1006	62
306	314	1006	63
307	210	1007	63
308	927	1002	63
309	35	1002	63
310	554	1009	63
311	26	1005	64
312	401	1008	64
313	26	1007	64
314	781	1009	64
315	778	1006	64
316	277	1000	65
317	983	1009	65
318	965	1005	65
319	963	1009	65
320	988	1001	65
321	837	1006	66
322	679	1001	66
323	952	1008	66
324	589	1003	66
325	370	1004	66
326	795	1006	67
327	545	1003	67
328	284	1000	67
329	968	1005	67
330	157	1009	67
331	881	1008	68
332	767	1007	68
333	209	1003	68
334	233	1003	68
335	134	1006	68
336	368	1005	69
337	566	1004	69
338	906	1004	69
339	777	1004	69
340	358	1006	69
341	864	1005	70
342	819	1009	70
343	594	1005	70
344	430	1006	70
345	270	1003	70
346	876	1005	71
347	111	1009	71
348	661	1006	71
349	964	1004	71
350	625	1009	71
351	791	1001	72
352	20	1001	72
353	587	1009	72
354	886	1005	72
355	452	1008	72
356	203	1001	73
357	211	1007	73
358	42	1003	73
359	323	1004	73
360	488	1000	73
361	24	1001	74
362	16	1007	74
363	537	1002	74
364	6	1001	74
365	103	1001	74
366	773	1005	75
367	733	1003	75
368	641	1000	75
369	933	1004	75
370	890	1006	75
371	957	1003	76
372	261	1003	76
373	397	1000	76
374	122	1003	76
375	688	1008	76
376	902	1003	77
377	575	1008	77
378	926	1003	77
379	394	1009	77
380	847	1009	77
381	456	1009	78
382	883	1007	78
383	686	1008	78
384	303	1005	78
385	2	1002	78
386	119	1004	79
387	376	1005	79
388	383	1005	79
389	540	1000	79
390	2	1008	79
391	289	1008	80
392	165	1001	80
393	337	1003	80
394	801	1003	80
395	121	1004	80
396	260	1000	81
397	315	1008	81
398	212	1008	81
399	448	1003	81
400	162	1008	81
401	23	1008	82
402	423	1007	82
403	606	1003	82
404	396	1005	82
405	952	1003	82
406	648	1000	83
407	593	1007	83
408	636	1001	83
409	966	1008	83
410	502	1007	83
411	149	1004	84
412	751	1002	84
413	317	1004	84
414	766	1005	84
415	961	1005	84
416	455	1007	85
417	564	1006	85
418	646	1002	85
419	436	1000	85
420	332	1007	85
421	980	1000	86
422	993	1007	86
423	979	1003	86
424	65	1001	86
425	702	1007	86
426	556	1001	87
427	674	1001	87
428	459	1005	87
429	941	1009	87
430	905	1007	87
431	664	1006	88
432	977	1000	88
433	441	1007	88
434	353	1000	88
435	75	1007	88
436	391	1006	89
437	490	1006	89
438	623	1002	89
439	769	1007	89
440	799	1001	89
441	234	1005	90
442	757	1005	90
443	170	1002	90
444	646	1003	90
445	245	1005	90
446	766	1009	91
447	7	1009	91
448	62	1005	91
449	465	1005	91
450	985	1007	91
451	718	1007	92
452	42	1008	92
453	701	1007	92
454	107	1009	92
455	792	1002	92
456	961	1007	93
457	646	1004	93
458	192	1009	93
459	508	1007	93
460	970	1000	93
461	257	1009	94
462	729	1000	94
463	979	1005	94
464	165	1007	94
465	491	1008	94
466	974	1002	95
467	68	1002	95
468	631	1008	95
469	967	1004	95
470	164	1009	95
471	6	1009	96
472	383	1009	96
473	60	1002	96
474	782	1000	96
475	929	1000	96
476	291	1006	97
477	669	1008	97
478	335	1007	97
479	506	1006	97
480	410	1005	97
481	992	1005	98
482	792	1001	98
483	207	1006	98
484	176	1001	98
485	819	1005	98
486	801	1002	99
487	21	1008	99
488	525	1006	99
489	803	1007	99
490	783	1009	99
491	512	1000	100
492	470	1001	100
493	103	1009	100
494	503	1001	100
495	541	1004	100
496	331	1004	101
497	346	1001	101
498	872	1000	101
499	156	1002	101
500	636	1007	101
