PROBLEM NAME: 	ttd300_n75_L3-TTP
KNAPSACK DATA TYPE: uncorrelated, similar weights
DIMENSION:	76
NUMBER OF ITEMS: 	375
CAPACITY OF KNAPSACK: 	170628
MIN SPEED: 	0.1
MAX SPEED: 	1
RENTING RATIO: 	50.00
EDGE_WEIGHT_TYPE:	CEIL_2D
NODE_COORD_SECTION	(INDEX, X, Y): 
1	118	152
2	167	273
3	34	127
4	200	272
5	59	239
6	277	213
7	176	111
8	153	201
9	178	257
10	122	101
11	12	198
12	275	162
13	124	115
14	126	207
15	249	132
16	53	30
17	147	61
18	131	92
19	112	225
20	157	240
21	162	274
22	63	18
23	92	267
24	231	20
25	2	73
26	176	204
27	125	298
28	284	138
29	179	28
30	127	216
31	41	239
32	71	292
33	244	155
34	103	263
35	246	182
36	69	175
37	78	55
38	285	260
39	35	51
40	144	8
41	151	53
42	142	25
43	217	176
44	231	88
45	258	133
46	202	11
47	238	184
48	66	182
49	181	143
50	59	132
51	184	192
52	27	28
53	282	18
54	254	59
55	278	289
56	270	279
57	53	88
58	188	72
59	123	278
60	176	43
61	164	56
62	68	237
63	64	71
64	168	193
65	169	223
66	141	224
67	276	27
68	214	250
69	266	160
70	139	226
71	93	109
72	231	219
73	50	68
74	230	167
75	169	234
76	228	258
ITEMS SECTION	(INDEX, PROFIT, WEIGHT, ASSIGNED NODE NUMBER): 
1	194	1002	2
2	470	1004	2
3	483	1000	2
4	885	1008	2
5	82	1000	2
6	114	1007	3
7	705	1007	3
8	809	1009	3
9	275	1003	3
10	495	1004	3
11	827	1002	4
12	762	1002	4
13	702	1007	4
14	637	1003	4
15	629	1009	4
16	950	1001	5
17	988	1009	5
18	861	1004	5
19	114	1003	5
20	428	1001	5
21	527	1004	6
22	603	1006	6
23	270	1004	6
24	353	1006	6
25	717	1006	6
26	665	1003	7
27	598	1004	7
28	293	1005	7
29	586	1006	7
30	262	1000	7
31	234	1009	8
32	869	1005	8
33	574	1004	8
34	522	1008	8
35	464	1003	8
36	595	1001	9
37	524	1004	9
38	842	1008	9
39	865	1006	9
40	962	1006	9
41	935	1009	10
42	318	1003	10
43	623	1005	10
44	657	1008	10
45	578	1008	10
46	84	1003	11
47	451	1008	11
48	272	1008	11
49	901	1005	11
50	875	1005	11
51	347	1003	12
52	492	1000	12
53	975	1002	12
54	982	1008	12
55	664	1009	12
56	258	1008	13
57	815	1002	13
58	113	1007	13
59	411	1002	13
60	718	1000	13
61	29	1007	14
62	921	1008	14
63	864	1001	14
64	497	1004	14
65	893	1003	14
66	706	1007	15
67	88	1003	15
68	957	1006	15
69	557	1006	15
70	887	1003	15
71	952	1008	16
72	795	1005	16
73	776	1000	16
74	762	1000	16
75	9	1004	16
76	92	1000	17
77	974	1000	17
78	544	1008	17
79	702	1002	17
80	293	1000	17
81	380	1003	18
82	941	1005	18
83	517	1005	18
84	515	1009	18
85	3	1007	18
86	186	1003	19
87	692	1008	19
88	445	1002	19
89	658	1002	19
90	203	1001	19
91	247	1001	20
92	196	1005	20
93	969	1002	20
94	646	1002	20
95	845	1000	20
96	638	1003	21
97	769	1005	21
98	617	1001	21
99	654	1000	21
100	640	1000	21
101	244	1000	22
102	479	1008	22
103	397	1007	22
104	147	1004	22
105	886	1001	22
106	760	1000	23
107	990	1000	23
108	956	1007	23
109	6	1009	23
110	552	1000	23
111	64	1005	24
112	215	1009	24
113	615	1004	24
114	677	1002	24
115	884	1004	24
116	749	1002	25
117	67	1008	25
118	437	1006	25
119	248	1004	25
120	978	1005	25
121	841	1002	26
122	877	1007	26
123	149	1004	26
124	758	1005	26
125	880	1008	26
126	473	1004	27
127	74	1003	27
128	688	1007	27
129	340	1005	27
130	17	1003	27
131	646	1003	28
132	987	1001	28
133	33	1009	28
134	210	1005	28
135	533	1006	28
136	174	1002	29
137	887	1008	29
138	211	1004	29
139	893	1008	29
140	545	1000	29
141	321	1009	30
142	560	1001	30
143	950	1006	30
144	262	1005	30
145	833	1007	30
146	220	1001	31
147	295	1000	31
148	153	1004	31
149	859	1005	31
150	510	1008	31
151	449	1000	32
152	63	1000	32
153	313	1003	32
154	215	1005	32
155	668	1001	32
156	123	1000	33
157	259	1006	33
158	271	1001	33
159	433	1004	33
160	596	1006	33
161	557	1009	34
162	899	1003	34
163	874	1000	34
164	14	1006	34
165	823	1001	34
166	573	1003	35
167	445	1000	35
168	769	1008	35
169	11	1001	35
170	309	1006	35
171	390	1008	36
172	198	1001	36
173	625	1002	36
174	850	1008	36
175	652	1001	36
176	39	1003	37
177	195	1000	37
178	524	1006	37
179	172	1001	37
180	538	1004	37
181	509	1003	38
182	490	1009	38
183	505	1007	38
184	42	1009	38
185	118	1007	38
186	842	1002	39
187	850	1006	39
188	865	1002	39
189	865	1001	39
190	631	1005	39
191	816	1002	40
192	391	1008	40
193	878	1007	40
194	406	1001	40
195	415	1008	40
196	131	1005	41
197	179	1008	41
198	36	1006	41
199	674	1005	41
200	662	1007	41
201	649	1008	42
202	265	1003	42
203	62	1006	42
204	1	1001	42
205	168	1002	42
206	597	1004	43
207	198	1001	43
208	11	1000	43
209	902	1004	43
210	536	1009	43
211	371	1003	44
212	428	1001	44
213	170	1001	44
214	429	1006	44
215	817	1009	44
216	60	1000	45
217	264	1000	45
218	147	1004	45
219	778	1009	45
220	734	1007	45
221	751	1003	46
222	401	1005	46
223	731	1007	46
224	918	1006	46
225	888	1007	46
226	866	1009	47
227	411	1008	47
228	27	1009	47
229	979	1007	47
230	112	1006	47
231	3	1003	48
232	272	1008	48
233	965	1002	48
234	452	1009	48
235	326	1006	48
236	762	1000	49
237	858	1004	49
238	124	1002	49
239	640	1005	49
240	509	1009	49
241	798	1006	50
242	712	1003	50
243	660	1003	50
244	188	1009	50
245	574	1003	50
246	934	1007	51
247	997	1006	51
248	532	1001	51
249	545	1000	51
250	530	1004	51
251	961	1005	52
252	758	1002	52
253	146	1000	52
254	782	1008	52
255	274	1002	52
256	939	1007	53
257	419	1001	53
258	188	1004	53
259	418	1005	53
260	286	1005	53
261	902	1002	54
262	680	1000	54
263	619	1000	54
264	617	1004	54
265	121	1000	54
266	409	1007	55
267	433	1005	55
268	122	1006	55
269	752	1009	55
270	876	1008	55
271	987	1003	56
272	113	1002	56
273	177	1000	56
274	918	1004	56
275	798	1005	56
276	364	1007	57
277	361	1004	57
278	954	1001	57
279	169	1002	57
280	627	1001	57
281	318	1006	58
282	86	1005	58
283	971	1005	58
284	728	1000	58
285	53	1009	58
286	640	1003	59
287	84	1000	59
288	628	1001	59
289	692	1003	59
290	368	1001	59
291	811	1005	60
292	664	1008	60
293	367	1001	60
294	928	1006	60
295	89	1006	60
296	206	1001	61
297	822	1008	61
298	796	1006	61
299	860	1001	61
300	530	1008	61
301	611	1009	62
302	316	1001	62
303	228	1003	62
304	430	1000	62
305	165	1007	62
306	78	1001	63
307	729	1007	63
308	575	1003	63
309	893	1002	63
310	855	1006	63
311	955	1003	64
312	990	1002	64
313	244	1002	64
314	934	1009	64
315	96	1003	64
316	889	1001	65
317	968	1005	65
318	135	1005	65
319	882	1001	65
320	680	1009	65
321	214	1005	66
322	484	1006	66
323	387	1009	66
324	544	1000	66
325	706	1007	66
326	887	1004	67
327	577	1002	67
328	561	1005	67
329	89	1009	67
330	912	1003	67
331	261	1005	68
332	262	1002	68
333	759	1009	68
334	13	1008	68
335	433	1001	68
336	739	1006	69
337	456	1007	69
338	177	1005	69
339	980	1005	69
340	918	1000	69
341	576	1008	70
342	628	1003	70
343	767	1005	70
344	596	1008	70
345	411	1002	70
346	329	1008	71
347	602	1007	71
348	161	1004	71
349	151	1005	71
350	153	1006	71
351	75	1007	72
352	876	1004	72
353	418	1004	72
354	912	1008	72
355	664	1005	72
356	111	1004	73
357	390	1001	73
358	143	1005	73
359	45	1004	73
360	775	1000	73
361	519	1001	74
362	986	1004	74
363	79	1006	74
364	324	1007	74
365	96	1002	74
366	364	1005	75
367	895	1002	75
368	193	1002	75
369	105	1006	75
370	789	1005	75
371	670	1005	76
372	289	1004	76
373	348	1009	76
374	495	1004	76
375	163	1006	76
