PROBLEM NAME: 	bench_100_3-TTP
KNAPSACK DATA TYPE: uncorrelated, similar weights
DIMENSION:	101
NUMBER OF ITEMS: 	500
CAPACITY OF KNAPSACK: 	227504
MIN SPEED: 	0.1
MAX SPEED: 	1
RENTING RATIO: 	72.70
EDGE_WEIGHT_TYPE:	CEIL_2D
NODE_COORD_SECTION	(INDEX, X, Y): 
1	288	149
2	236	169
3	228	169
4	228	161
5	212	169
6	172	145
7	164	145
8	156	145
9	164	169
10	172	169
11	140	169
12	124	169
13	90	165
14	80	157
15	64	157
16	64	165
17	56	145
18	56	121
19	32	129
20	32	121
21	56	105
22	16	109
23	8	97
24	8	73
25	8	65
26	8	49
27	24	45
28	32	65
29	32	81
30	40	63
31	44	43
32	44	35
33	16	25
34	56	9
35	56	17
36	56	33
37	72	41
38	72	49
39	48	51
40	56	65
41	48	73
42	56	81
43	104	105
44	104	113
45	104	129
46	104	145
47	132	145
48	148	137
49	172	125
50	172	93
51	172	85
52	180	85
53	172	69
54	172	77
55	164	81
56	124	85
57	124	125
58	124	101
59	104	89
60	104	41
61	104	25
62	104	17
63	64	21
64	80	41
65	88	49
66	124	69
67	132	61
68	124	37
69	132	21
70	120	9
71	148	9
72	180	37
73	196	49
74	212	65
75	228	69
76	228	77
77	236	45
78	236	37
79	228	29
80	228	21
81	260	45
82	284	69
83	284	93
84	284	101
85	288	109
86	276	101
87	276	93
88	268	97
89	252	101
90	260	93
91	236	85
92	228	85
93	204	109
94	196	101
95	188	93
96	180	101
97	196	145
98	220	145
99	252	125
100	260	129
101	280	133
ITEMS SECTION	(INDEX, PROFIT, WEIGHT, ASSIGNED NODE NUMBER): 
1	874	1001	2
2	435	1000	2
3	862	1005	2
4	155	1004	2
5	863	1008	2
6	122	1009	3
7	648	1002	3
8	530	1003	3
9	302	1008	3
10	426	1005	3
11	486	1004	4
12	515	1004	4
13	104	1000	4
14	643	1005	4
15	53	1006	4
16	463	1003	5
17	582	1001	5
18	459	1007	5
19	224	1009	5
20	182	1005	5
21	356	1000	6
22	602	1006	6
23	823	1004	6
24	153	1009	6
25	846	1008	6
26	305	1007	7
27	494	1008	7
28	32	1009	7
29	155	1002	7
30	820	1004	7
31	47	1006	8
32	147	1000	8
33	126	1005	8
34	488	1006	8
35	737	1003	8
36	211	1009	9
37	837	1001	9
38	706	1003	9
39	208	1002	9
40	769	1009	9
41	100	1007	10
42	340	1005	10
43	503	1007	10
44	102	1000	10
45	172	1006	10
46	760	1002	11
47	315	1006	11
48	195	1001	11
49	703	1000	11
50	624	1006	11
51	475	1006	12
52	343	1007	12
53	970	1009	12
54	807	1000	12
55	366	1004	12
56	530	1006	13
57	514	1008	13
58	192	1003	13
59	328	1002	13
60	599	1009	13
61	240	1004	14
62	986	1002	14
63	41	1009	14
64	544	1003	14
65	808	1001	14
66	248	1005	15
67	888	1001	15
68	380	1001	15
69	990	1008	15
70	743	1007	15
71	768	1000	16
72	759	1005	16
73	222	1005	16
74	311	1005	16
75	279	1000	16
76	367	1007	17
77	67	1007	17
78	364	1009	17
79	387	1004	17
80	98	1006	17
81	157	1009	18
82	716	1004	18
83	652	1001	18
84	634	1003	18
85	222	1001	18
86	921	1000	19
87	258	1007	19
88	236	1000	19
89	306	1004	19
90	786	1003	19
91	537	1006	20
92	250	1008	20
93	146	1007	20
94	971	1004	20
95	321	1000	20
96	709	1006	21
97	856	1002	21
98	950	1001	21
99	302	1000	21
100	223	1009	21
101	861	1009	22
102	598	1001	22
103	835	1001	22
104	850	1005	22
105	26	1001	22
106	754	1005	23
107	597	1007	23
108	73	1007	23
109	794	1001	23
110	157	1002	23
111	459	1009	24
112	652	1009	24
113	462	1005	24
114	654	1007	24
115	104	1001	24
116	390	1001	25
117	625	1004	25
118	392	1001	25
119	955	1005	25
120	98	1009	25
121	588	1003	26
122	317	1003	26
123	969	1002	26
124	429	1002	26
125	863	1006	26
126	155	1009	27
127	89	1000	27
128	869	1000	27
129	879	1005	27
130	114	1007	27
131	829	1007	28
132	912	1001	28
133	683	1000	28
134	702	1008	28
135	773	1008	28
136	590	1008	29
137	168	1003	29
138	374	1007	29
139	252	1007	29
140	100	1009	29
141	173	1002	30
142	646	1007	30
143	911	1004	30
144	306	1007	30
145	851	1001	30
146	977	1005	31
147	5	1007	31
148	40	1002	31
149	841	1007	31
150	484	1006	31
151	681	1005	32
152	989	1005	32
153	788	1002	32
154	66	1006	32
155	748	1009	32
156	587	1002	33
157	386	1000	33
158	142	1003	33
159	581	1004	33
160	132	1007	33
161	862	1009	34
162	495	1007	34
163	666	1004	34
164	861	1004	34
165	300	1006	34
166	223	1009	35
167	674	1004	35
168	456	1006	35
169	253	1004	35
170	494	1005	35
171	61	1002	36
172	352	1001	36
173	526	1005	36
174	826	1009	36
175	259	1006	36
176	205	1002	37
177	935	1006	37
178	669	1007	37
179	735	1008	37
180	34	1009	37
181	152	1008	38
182	325	1004	38
183	423	1004	38
184	549	1005	38
185	585	1007	38
186	267	1006	39
187	550	1007	39
188	978	1002	39
189	955	1008	39
190	560	1009	39
191	187	1009	40
192	478	1005	40
193	96	1001	40
194	772	1006	40
195	481	1003	40
196	939	1001	41
197	942	1008	41
198	6	1005	41
199	576	1006	41
200	810	1003	41
201	56	1008	42
202	988	1006	42
203	326	1001	42
204	120	1007	42
205	12	1008	42
206	753	1008	43
207	186	1006	43
208	927	1003	43
209	343	1001	43
210	417	1000	43
211	544	1003	44
212	314	1005	44
213	723	1008	44
214	302	1003	44
215	113	1003	44
216	830	1004	45
217	119	1002	45
218	819	1000	45
219	928	1006	45
220	496	1004	45
221	330	1003	46
222	74	1002	46
223	120	1004	46
224	42	1007	46
225	881	1007	46
226	445	1005	47
227	741	1002	47
228	867	1009	47
229	552	1009	47
230	183	1001	47
231	896	1005	48
232	143	1006	48
233	605	1003	48
234	718	1004	48
235	115	1007	48
236	806	1008	49
237	574	1004	49
238	220	1008	49
239	779	1000	49
240	790	1009	49
241	300	1008	50
242	661	1007	50
243	291	1003	50
244	841	1006	50
245	536	1007	50
246	174	1008	51
247	320	1001	51
248	938	1009	51
249	558	1006	51
250	701	1008	51
251	751	1002	52
252	815	1001	52
253	870	1004	52
254	913	1005	52
255	729	1008	52
256	677	1009	53
257	907	1004	53
258	874	1004	53
259	250	1008	53
260	474	1000	53
261	863	1005	54
262	743	1007	54
263	315	1003	54
264	871	1008	54
265	215	1008	54
266	292	1001	55
267	185	1004	55
268	770	1001	55
269	280	1009	55
270	785	1005	55
271	295	1000	56
272	794	1001	56
273	111	1000	56
274	803	1005	56
275	982	1001	56
276	321	1003	57
277	841	1007	57
278	866	1009	57
279	6	1002	57
280	720	1007	57
281	797	1004	58
282	427	1009	58
283	29	1005	58
284	401	1004	58
285	307	1007	58
286	507	1008	59
287	893	1001	59
288	621	1004	59
289	74	1008	59
290	63	1000	59
291	22	1008	60
292	590	1003	60
293	611	1006	60
294	466	1009	60
295	618	1005	60
296	866	1004	61
297	506	1002	61
298	13	1002	61
299	806	1000	61
300	655	1000	61
301	74	1004	62
302	615	1002	62
303	494	1003	62
304	562	1002	62
305	140	1005	62
306	326	1008	63
307	839	1006	63
308	544	1000	63
309	88	1007	63
310	335	1009	63
311	654	1007	64
312	491	1005	64
313	692	1005	64
314	995	1004	64
315	636	1001	64
316	129	1006	65
317	263	1001	65
318	935	1008	65
319	358	1009	65
320	443	1001	65
321	123	1007	66
322	993	1009	66
323	420	1002	66
324	256	1005	66
325	489	1008	66
326	685	1009	67
327	535	1007	67
328	110	1003	67
329	184	1001	67
330	68	1000	67
331	624	1006	68
332	380	1001	68
333	353	1009	68
334	952	1005	68
335	118	1009	68
336	55	1001	69
337	17	1004	69
338	855	1006	69
339	811	1002	69
340	566	1004	69
341	880	1009	70
342	427	1007	70
343	339	1007	70
344	364	1000	70
345	585	1006	70
346	680	1007	71
347	244	1009	71
348	665	1002	71
349	527	1001	71
350	53	1009	71
351	763	1003	72
352	153	1001	72
353	753	1004	72
354	350	1009	72
355	909	1004	72
356	681	1001	73
357	786	1004	73
358	298	1001	73
359	687	1008	73
360	544	1008	73
361	514	1006	74
362	975	1003	74
363	244	1001	74
364	398	1002	74
365	351	1006	74
366	41	1007	75
367	585	1003	75
368	918	1000	75
369	935	1004	75
370	550	1004	75
371	909	1001	76
372	229	1000	76
373	791	1000	76
374	223	1007	76
375	942	1007	76
376	400	1001	77
377	754	1009	77
378	394	1005	77
379	674	1000	77
380	760	1004	77
381	535	1006	78
382	928	1006	78
383	419	1007	78
384	398	1000	78
385	65	1007	78
386	399	1008	79
387	637	1003	79
388	59	1007	79
389	446	1003	79
390	527	1006	79
391	412	1009	80
392	493	1009	80
393	375	1008	80
394	383	1005	80
395	861	1006	80
396	870	1007	81
397	219	1007	81
398	210	1009	81
399	883	1000	81
400	580	1005	81
401	419	1006	82
402	15	1001	82
403	776	1001	82
404	538	1006	82
405	939	1006	82
406	719	1008	83
407	856	1002	83
408	672	1001	83
409	339	1003	83
410	285	1007	83
411	323	1000	84
412	262	1003	84
413	895	1000	84
414	473	1008	84
415	682	1000	84
416	341	1006	85
417	681	1000	85
418	618	1006	85
419	485	1006	85
420	134	1006	85
421	859	1008	86
422	71	1002	86
423	553	1006	86
424	540	1006	86
425	597	1008	86
426	456	1000	87
427	211	1005	87
428	959	1008	87
429	902	1003	87
430	585	1005	87
431	135	1002	88
432	895	1007	88
433	206	1006	88
434	755	1002	88
435	194	1008	88
436	780	1008	89
437	621	1005	89
438	7	1006	89
439	977	1005	89
440	418	1007	89
441	496	1005	90
442	881	1003	90
443	480	1006	90
444	815	1002	90
445	59	1000	90
446	906	1000	91
447	962	1009	91
448	821	1005	91
449	322	1009	91
450	156	1007	91
451	171	1005	92
452	882	1007	92
453	548	1003	92
454	436	1002	92
455	29	1002	92
456	33	1006	93
457	274	1008	93
458	696	1001	93
459	292	1008	93
460	801	1006	93
461	720	1001	94
462	991	1000	94
463	873	1002	94
464	620	1001	94
465	633	1002	94
466	887	1003	95
467	286	1001	95
468	823	1005	95
469	285	1008	95
470	679	1006	95
471	551	1003	96
472	339	1004	96
473	380	1001	96
474	190	1007	96
475	277	1008	96
476	228	1001	97
477	840	1001	97
478	7	1002	97
479	537	1004	97
480	707	1006	97
481	48	1009	98
482	293	1000	98
483	184	1009	98
484	679	1000	98
485	227	1000	98
486	450	1000	99
487	388	1000	99
488	739	1003	99
489	731	1001	99
490	486	1009	99
491	925	1005	100
492	41	1000	100
493	150	1001	100
494	488	1006	100
495	485	1008	100
496	240	1000	101
497	573	1008	101
498	45	1008	101
499	678	1008	101
500	721	1000	101
