PROBLEM NAME: 	bench_100_1-TTP
KNAPSACK DATA TYPE: uncorrelated, similar weights
DIMENSION:	101
NUMBER OF ITEMS: 	500
CAPACITY OF KNAPSACK: 	227504
MIN SPEED: 	0.1
MAX SPEED: 	1
RENTING RATIO: 	72.70
EDGE_WEIGHT_TYPE:	CEIL_2D
NODE_COORD_SECTION	(INDEX, X, Y): 
1	288	149
2	270	133
3	246	157
4	236	169
5	228	161
6	220	169
7	196	169
8	196	161
9	188	145
10	172	145
11	172	169
12	132	169
13	116	161
14	104	169
15	80	157
16	56	121
17	40	137
18	40	161
19	40	169
20	32	145
21	32	121
22	32	113
23	56	105
24	48	99
25	32	97
26	8	97
27	8	65
28	16	57
29	8	49
30	24	45
31	40	73
32	44	43
33	16	25
34	16	17
35	24	17
36	44	11
37	56	25
38	64	41
39	56	49
40	48	51
41	56	57
42	56	73
43	104	97
44	104	137
45	124	145
46	132	145
47	132	137
48	140	137
49	148	137
50	156	137
51	172	117
52	172	101
53	172	93
54	180	69
55	180	61
56	180	53
57	124	93
58	104	33
59	104	25
60	92	9
61	80	25
62	80	25
63	80	41
64	88	49
65	104	57
66	124	77
67	124	61
68	124	37
69	132	21
70	124	21
71	136	9
72	162	9
73	180	29
74	172	29
75	180	37
76	220	73
77	236	77
78	236	53
79	228	45
80	228	29
81	236	21
82	252	21
83	260	53
84	260	77
85	276	77
86	276	69
87	284	93
88	288	109
89	280	109
90	276	101
91	276	85
92	252	101
93	260	93
94	260	85
95	236	93
96	236	101
97	204	109
98	180	125
99	196	145
100	212	145
101	252	125
ITEMS SECTION	(INDEX, PROFIT, WEIGHT, ASSIGNED NODE NUMBER): 
1	896	1006	2
2	875	1004	2
3	434	1001	2
4	203	1006	2
5	64	1009	2
6	613	1006	3
7	215	1005	3
8	123	1007	3
9	451	1002	3
10	83	1003	3
11	874	1001	4
12	435	1000	4
13	862	1005	4
14	155	1004	4
15	863	1008	4
16	486	1004	5
17	515	1004	5
18	104	1000	5
19	643	1005	5
20	53	1006	5
21	823	1001	6
22	351	1001	6
23	779	1003	6
24	471	1006	6
25	707	1004	6
26	325	1009	7
27	901	1001	7
28	343	1008	7
29	239	1005	7
30	263	1003	7
31	776	1005	8
32	494	1001	8
33	883	1009	8
34	673	1001	8
35	564	1008	8
36	123	1000	9
37	766	1009	9
38	227	1001	9
39	940	1004	9
40	411	1006	9
41	356	1000	10
42	602	1006	10
43	823	1004	10
44	153	1009	10
45	846	1008	10
46	100	1007	11
47	340	1005	11
48	503	1007	11
49	102	1000	11
50	172	1006	11
51	776	1006	12
52	109	1000	12
53	945	1007	12
54	295	1005	12
55	487	1003	12
56	937	1007	13
57	616	1004	13
58	257	1008	13
59	547	1004	13
60	723	1007	13
61	751	1008	14
62	897	1003	14
63	137	1008	14
64	756	1005	14
65	376	1000	14
66	240	1004	15
67	986	1002	15
68	41	1009	15
69	544	1003	15
70	808	1001	15
71	157	1009	16
72	716	1004	16
73	652	1001	16
74	634	1003	16
75	222	1001	16
76	472	1005	17
77	517	1008	17
78	480	1007	17
79	789	1002	17
80	404	1000	17
81	371	1006	18
82	140	1001	18
83	597	1006	18
84	246	1003	18
85	261	1008	18
86	337	1003	19
87	886	1004	19
88	633	1002	19
89	822	1006	19
90	857	1008	19
91	226	1006	20
92	642	1000	20
93	652	1007	20
94	434	1009	20
95	473	1001	20
96	537	1006	21
97	250	1008	21
98	146	1007	21
99	971	1004	21
100	321	1000	21
101	112	1001	22
102	639	1008	22
103	50	1007	22
104	113	1002	22
105	783	1007	22
106	709	1006	23
107	856	1002	23
108	950	1001	23
109	302	1000	23
110	223	1009	23
111	940	1002	24
112	453	1007	24
113	94	1009	24
114	812	1004	24
115	531	1008	24
116	79	1001	25
117	539	1005	25
118	799	1005	25
119	734	1006	25
120	652	1008	25
121	754	1005	26
122	597	1007	26
123	73	1007	26
124	794	1001	26
125	157	1002	26
126	390	1001	27
127	625	1004	27
128	392	1001	27
129	955	1005	27
130	98	1009	27
131	111	1009	28
132	546	1005	28
133	487	1006	28
134	568	1001	28
135	835	1002	28
136	588	1003	29
137	317	1003	29
138	969	1002	29
139	429	1002	29
140	863	1006	29
141	155	1009	30
142	89	1000	30
143	869	1000	30
144	879	1005	30
145	114	1007	30
146	823	1007	31
147	392	1003	31
148	191	1003	31
149	874	1001	31
150	94	1005	31
151	977	1005	32
152	5	1007	32
153	40	1002	32
154	841	1007	32
155	484	1006	32
156	587	1002	33
157	386	1000	33
158	142	1003	33
159	581	1004	33
160	132	1007	33
161	686	1003	34
162	229	1008	34
163	906	1001	34
164	852	1005	34
165	20	1008	34
166	466	1000	35
167	621	1001	35
168	970	1009	35
169	821	1007	35
170	975	1002	35
171	784	1001	36
172	574	1006	36
173	137	1004	36
174	252	1007	36
175	681	1004	36
176	541	1006	37
177	255	1001	37
178	709	1008	37
179	297	1002	37
180	792	1007	37
181	62	1001	38
182	176	1008	38
183	859	1000	38
184	363	1001	38
185	280	1004	38
186	913	1009	39
187	167	1002	39
188	62	1000	39
189	280	1007	39
190	314	1000	39
191	267	1006	40
192	550	1007	40
193	978	1002	40
194	955	1008	40
195	560	1009	40
196	249	1003	41
197	457	1006	41
198	288	1005	41
199	560	1002	41
200	657	1000	41
201	519	1004	42
202	991	1007	42
203	587	1002	42
204	505	1008	42
205	324	1008	42
206	812	1009	43
207	70	1000	43
208	337	1005	43
209	229	1003	43
210	253	1004	43
211	725	1009	44
212	774	1005	44
213	664	1009	44
214	16	1006	44
215	572	1009	44
216	38	1002	45
217	386	1002	45
218	679	1005	45
219	512	1009	45
220	845	1003	45
221	445	1005	46
222	741	1002	46
223	867	1009	46
224	552	1009	46
225	183	1001	46
226	619	1009	47
227	541	1007	47
228	793	1007	47
229	272	1004	47
230	414	1005	47
231	648	1000	48
232	152	1009	48
233	415	1000	48
234	820	1002	48
235	181	1003	48
236	896	1005	49
237	143	1006	49
238	605	1003	49
239	718	1004	49
240	115	1007	49
241	658	1006	50
242	131	1009	50
243	643	1004	50
244	113	1006	50
245	382	1005	50
246	800	1002	51
247	229	1005	51
248	746	1006	51
249	494	1007	51
250	511	1000	51
251	354	1000	52
252	787	1005	52
253	510	1003	52
254	271	1003	52
255	677	1004	52
256	300	1008	53
257	661	1007	53
258	291	1003	53
259	841	1006	53
260	536	1007	53
261	603	1001	54
262	709	1006	54
263	54	1007	54
264	882	1000	54
265	401	1009	54
266	665	1000	55
267	458	1003	55
268	56	1005	55
269	292	1008	55
270	667	1006	55
271	209	1006	56
272	323	1004	56
273	135	1007	56
274	182	1008	56
275	289	1005	56
276	413	1000	57
277	524	1002	57
278	277	1009	57
279	97	1002	57
280	210	1006	57
281	643	1003	58
282	90	1008	58
283	889	1008	58
284	248	1005	58
285	885	1007	58
286	866	1004	59
287	506	1002	59
288	13	1002	59
289	806	1000	59
290	655	1000	59
291	508	1005	60
292	65	1008	60
293	536	1005	60
294	256	1007	60
295	964	1004	60
296	662	1008	61
297	52	1003	61
298	622	1004	61
299	847	1000	61
300	655	1008	61
301	17	1008	62
302	145	1000	62
303	752	1005	62
304	371	1005	62
305	647	1009	62
306	654	1007	63
307	491	1005	63
308	692	1005	63
309	995	1004	63
310	636	1001	63
311	129	1006	64
312	263	1001	64
313	935	1008	64
314	358	1009	64
315	443	1001	64
316	662	1000	65
317	723	1002	65
318	685	1000	65
319	192	1002	65
320	551	1007	65
321	182	1008	66
322	935	1007	66
323	753	1002	66
324	994	1001	66
325	88	1008	66
326	470	1009	67
327	156	1007	67
328	324	1001	67
329	480	1002	67
330	656	1000	67
331	624	1006	68
332	380	1001	68
333	353	1009	68
334	952	1005	68
335	118	1009	68
336	55	1001	69
337	17	1004	69
338	855	1006	69
339	811	1002	69
340	566	1004	69
341	254	1001	70
342	984	1003	70
343	402	1008	70
344	89	1002	70
345	988	1005	70
346	809	1009	71
347	336	1005	71
348	724	1002	71
349	139	1001	71
350	269	1007	71
351	554	1008	72
352	672	1004	72
353	101	1009	72
354	364	1006	72
355	552	1008	72
356	37	1004	73
357	355	1007	73
358	81	1000	73
359	731	1004	73
360	376	1002	73
361	910	1002	74
362	547	1002	74
363	277	1002	74
364	39	1001	74
365	51	1004	74
366	763	1003	75
367	153	1001	75
368	753	1004	75
369	350	1009	75
370	909	1004	75
371	326	1001	76
372	972	1003	76
373	564	1006	76
374	221	1007	76
375	303	1005	76
376	192	1005	77
377	654	1005	77
378	73	1005	77
379	683	1003	77
380	991	1008	77
381	596	1007	78
382	90	1008	78
383	567	1004	78
384	947	1001	78
385	383	1004	78
386	411	1003	79
387	267	1008	79
388	834	1009	79
389	931	1000	79
390	526	1000	79
391	399	1008	80
392	637	1003	80
393	59	1007	80
394	446	1003	80
395	527	1006	80
396	636	1002	81
397	208	1005	81
398	971	1006	81
399	455	1001	81
400	814	1001	81
401	983	1004	82
402	78	1006	82
403	673	1006	82
404	125	1005	82
405	781	1005	82
406	808	1001	83
407	781	1005	83
408	187	1006	83
409	282	1009	83
410	124	1007	83
411	810	1005	84
412	245	1007	84
413	321	1002	84
414	73	1001	84
415	671	1004	84
416	819	1002	85
417	382	1003	85
418	234	1006	85
419	721	1001	85
420	931	1005	85
421	958	1006	86
422	534	1002	86
423	1000	1003	86
424	502	1008	86
425	456	1009	86
426	719	1008	87
427	856	1002	87
428	672	1001	87
429	339	1003	87
430	285	1007	87
431	341	1006	88
432	681	1000	88
433	618	1006	88
434	485	1006	88
435	134	1006	88
436	965	1000	89
437	431	1003	89
438	201	1007	89
439	430	1004	89
440	557	1004	89
441	859	1008	90
442	71	1002	90
443	553	1006	90
444	540	1006	90
445	597	1008	90
446	760	1001	91
447	53	1001	91
448	112	1005	91
449	190	1000	91
450	329	1008	91
451	780	1008	92
452	621	1005	92
453	7	1006	92
454	977	1005	92
455	418	1007	92
456	496	1005	93
457	881	1003	93
458	480	1006	93
459	815	1002	93
460	59	1000	93
461	1	1005	94
462	944	1000	94
463	987	1006	94
464	745	1009	94
465	443	1008	94
466	164	1003	95
467	645	1008	95
468	501	1004	95
469	958	1004	95
470	168	1003	95
471	142	1007	96
472	823	1009	96
473	398	1006	96
474	99	1000	96
475	72	1008	96
476	33	1006	97
477	274	1008	97
478	696	1001	97
479	292	1008	97
480	801	1006	97
481	679	1004	98
482	478	1005	98
483	120	1007	98
484	418	1004	98
485	612	1001	98
486	228	1001	99
487	840	1001	99
488	7	1002	99
489	537	1004	99
490	707	1006	99
491	654	1009	100
492	373	1001	100
493	979	1005	100
494	182	1000	100
495	65	1006	100
496	450	1000	101
497	388	1000	101
498	739	1003	101
499	731	1001	101
500	486	1009	101
